26.1867 51.2282 5.60495 12.2078 62272.9 78529 0.354387 0.646129 2.7612 6643.68 4780.43 54.7253 44.8542 72.4011 97.2142 
60.7266 70.5898 11.3579 13.3721 63109 96228.4 0.659838 0.585044 4.2845 4794.38 4813.61 35.3515 41.8017 78.9779 78.0615 
62.8432 60.8487 6.11851 14.9989 146034 149951 0.437006 0.582997 6.03418 4591.09 6142.73 68.6521 71.2573 149.813 87.5283 
58.171 31.5111 7.49263 12.7527 63011.3 70960.5 0.637389 0.502062 6.87799 4908.07 7111.71 55.2073 42.7328 134.749 110.227 
61.497 53.4672 6.50599 10.5097 112754 112706 0.696649 0.686041 3.63845 2936.18 6242.98 33.7709 50.5062 85.0608 104.878 
40.6419 35.7163 7.65266 14.9184 100600 55456.4 0.650473 0.25364 5.5932 3070.91 4420.79 58.2165 42.488 86.5182 56.4676 
41.8286 44.9211 12.099 10.3153 98366.1 89227.3 0.453875 0.674426 4.678 6792.61 4330.39 28.3786 73.5542 128.393 96.3603 
37.778 47.6514 6.72472 12.5436 88738.9 137318 0.629581 0.438157 4.37415 6356.21 7419.4 74.5332 33.374 75.5775 145.626 
43.2624 74.8971 13.8594 12.1993 113674 50981.8 0.529136 0.583905 5.20724 3727.34 3172.41 71.5799 39.937 116.872 79.2836 
26.1953 41.7012 6.79631 12.7741 141530 80625.9 0.595088 0.535976 4.55432 3017.03 6826.27 43.2351 63.4716 101.423 83.7736 
33.8755 70.6902 7.99659 6.09249 98111.9 70552.3 0.728146 0.427347 6.50781 4376.43 5695.66 50.0504 57.9767 78.8275 146.989 
71.6621 57.7552 9.13491 13.3852 64819.2 96936.1 0.398619 0.733338 5.7295 6655.38 4137.29 70.7678 32.889 83.1124 92.5921 
55.4117 67.4546 9.47916 9.37684 53075.7 110797 0.418373 0.598878 2.81428 5513.29 6583.81 47.9237 28.3247 121.524 121.018 
67.2654 66.621 7.91533 7.93225 77010.5 82229 0.700597 0.553425 2.60023 7320.26 3547.54 66.8404 46.1263 77.6003 105.204 
34.615 28.6026 13.09 12.094 62422.9 134027 0.498302 0.499348 6.36368 6953.3 6966.04 58.4626 49.7112 62.4526 148.829 
28.9984 50.7795 12.5795 13.8897 72498.9 138218 0.61462 0.610797 4.40435 5009.88 5561.26 38.7039 33.5613 60.6477 89.8604 
32.6945 58.4725 13.4167 13.3225 56023.2 133716 0.344943 0.344722 4.58263 2973.73 6330.44 56.1197 64.8038 82.9955 81.3065 
70.8798 46.4925 11.7013 12.6893 119454 89077.4 0.458817 0.570887 4.48582 6567.28 5092.63 41.6533 39.3502 57.3756 95.4495 
72.7114 44.1397 9.19178 10.6263 88140 72464.6 0.6834 0.412631 2.97338 4354.25 3802.26 25.4979 65.7354 66.4895 50.9408 
67.9425 32.3006 10.5322 10.682 118752 146396 0.71272 0.407591 5.0841 2634.13 6861.27 64.5756 43.3097 78.6076 118.752 
60.2681 60.9985 8.67645 6.4426 126271 114318 0.356379 0.345149 3.55193 5099.04 6697.4 26.3536 61.9921 90.5574 145.858 
26.1867 51.2282 5.60495 12.2078 62272.9 78529 0.354387 0.646129 2.7612 6643.68 4780.43 54.7253 44.8542 72.4011 97.2142 
60.7266 70.5898 11.3579 13.3721 63109 96228.4 0.659838 0.585044 4.2845 4794.38 4813.61 35.3515 41.8017 78.9779 78.0615 
62.8432 60.8487 6.11851 14.9989 146034 149951 0.437006 0.582997 6.03418 4591.09 6142.73 68.6521 71.2573 149.813 87.5283 
61.0927 52.4163 13.2103 5.582 97645.8 84232.7 0.372269 0.550317 3.46969 6882.57 7238.64 46.1444 55.1006 87.3358 103.229 
58.171 31.5111 7.49263 12.7527 63011.3 70960.5 0.637389 0.502062 6.87799 4908.07 7111.71 55.2073 42.7328 134.749 110.227 
61.497 53.4672 6.50599 10.5097 112754 112706 0.696649 0.686041 3.63845 2936.18 6242.98 33.7709 50.5062 85.0608 104.878 
40.6419 35.7163 7.65266 14.9184 100600 55456.4 0.650473 0.25364 5.5932 3070.91 4420.79 58.2165 42.488 86.5182 56.4676 
46.6414 72.4239 6.94961 5.85238 118237 137622 0.432596 0.271664 4.75386 5086.13 5659.85 30.6281 45.8928 89.6032 78.4476 
37.778 47.6514 6.72472 12.5436 88738.9 137318 0.629581 0.438157 4.37415 6356.21 7419.4 74.5332 33.374 75.5775 145.626 
43.2624 74.8971 13.8594 12.1993 113674 50981.8 0.529136 0.583905 5.20724 3727.34 3172.41 71.5799 39.937 116.872 79.2836 
70.9616 68.4944 12.4836 10.9322 121734 83927.6 0.273021 0.404139 6.36492 5812.96 7469.18 61.6848 43.4614 87.0634 54.0106 
26.1953 41.7012 6.79631 12.7741 141530 80625.9 0.595088 0.535976 4.55432 3017.03 6826.27 43.2351 63.4716 101.423 83.7736 
33.8755 70.6902 7.99659 6.09249 98111.9 70552.3 0.728146 0.427347 6.50781 4376.43 5695.66 50.0504 57.9767 78.8275 146.989 
71.6621 57.7552 9.13491 13.3852 64819.2 96936.1 0.398619 0.733338 5.7295 6655.38 4137.29 70.7678 32.889 83.1124 92.5921 
55.4117 67.4546 9.47916 9.37684 53075.7 110797 0.418373 0.598878 2.81428 5513.29 6583.81 47.9237 28.3247 121.524 121.018 
67.2654 66.621 7.91533 7.93225 77010.5 82229 0.700597 0.553425 2.60023 7320.26 3547.54 66.8404 46.1263 77.6003 105.204 
34.615 28.6026 13.09 12.094 62422.9 134027 0.498302 0.499348 6.36368 6953.3 6966.04 58.4626 49.7112 62.4526 148.829 
28.9984 50.7795 12.5795 13.8897 72498.9 138218 0.61462 0.610797 4.40435 5009.88 5561.26 38.7039 33.5613 60.6477 89.8604 
40.4809 56.4386 11.9718 5.67565 101774 142217 0.72487 0.373491 5.71882 4153.05 6244.78 37.8008 55.2344 142.018 86.2493 
25.1646 28.9852 13.4276 8.09784 117927 123843 0.541936 0.523614 4.73715 5632.51 6482.34 74.3612 49.2402 92.0192 103.603 
32.6945 58.4725 13.4167 13.3225 56023.2 133716 0.344943 0.344722 4.58263 2973.73 6330.44 56.1197 64.8038 82.9955 81.3065 
70.8798 46.4925 11.7013 12.6893 119454 89077.4 0.458817 0.570887 4.48582 6567.28 5092.63 41.6533 39.3502 57.3756 95.4495 
25.5267 43.3731 14.088 14.1005 101138 123593 0.502052 0.273035 7.40346 6199.67 7389.63 26.9457 49.7145 74.2849 88.4138 
48.4152 62.825 6.74369 11.4063 63466.1 148000 0.692895 0.56424 6.5658 4127.87 4938.74 27.3742 49.9157 55.6996 132.267 
72.7114 44.1397 9.19178 10.6263 88140 72464.6 0.6834 0.412631 2.97338 4354.25 3802.26 25.4979 65.7354 66.4895 50.9408 
59.6333 39.0721 9.77162 8.27124 107236 108555 0.298121 0.671634 5.39863 4969.21 7136.69 69.9739 43.9595 55.8893 121.754 
67.9425 32.3006 10.5322 10.682 118752 146396 0.71272 0.407591 5.0841 2634.13 6861.27 64.5756 43.3097 78.6076 118.752 
66.2014 40.694 5.58866 5.12427 103241 141671 0.684286 0.69923 2.62401 5224.91 5405.64 33.2235 60.5496 127.633 148.928 
60.2681 60.9985 8.67645 6.4426 126271 114318 0.356379 0.345149 3.55193 5099.04 6697.4 26.3536 61.9921 90.5574 145.858 
72.955 72.8405 12.1412 9.92238 106691 98208.7 0.528892 0.296858 3.09313 5108.94 5726.63 40.0073 28.346 86.1403 69.266 
61.497 53.4672 6.50599 10.5097 112754 78529 0.696649 0.646129 2.7612 6643.68 4780.43 54.7253 50.5062 72.4011 104.878 
41.8286 44.9211 12.099 12.2078 62272.9 89227.3 0.354387 0.646129 2.7612 6792.61 4780.43 54.7253 73.5542 72.4011 97.2142 
26.1867 47.6514 5.60495 12.5436 88738.9 78529 0.354387 0.438157 2.7612 6356.21 7419.4 54.7253 33.374 72.4011 97.2142 
69.8427 51.2282 11.7399 12.2078 109092 95281.7 0.354387 0.646129 2.7612 5927.79 4780.43 54.7253 43.8399 72.4011 97.2142 
26.1867 51.2282 5.60495 6.09249 98111.9 70552.3 0.728146 0.646129 2.7612 4376.43 4780.43 54.7253 44.8542 72.4011 97.2142 
