26.1867 51.2282 5.60495 12.2078 62272.9 78529 0.354387 0.646129 2.7612 6643.68 4780.43 54.7253 44.8542 72.4011 97.2142 
60.7266 70.5898 11.3579 13.3721 63109 96228.4 0.659838 0.585044 4.2845 4794.38 4813.61 35.3515 41.8017 78.9779 78.0615 
62.8432 60.8487 6.11851 14.9989 146034 149951 0.437006 0.582997 6.03418 4591.09 6142.73 68.6521 71.2573 149.813 87.5283 
61.0927 52.4163 13.2103 5.582 97645.8 84232.7 0.372269 0.550317 3.46969 6882.57 7238.64 46.1444 55.1006 87.3358 103.229 
58.171 31.5111 7.49263 12.7527 63011.3 70960.5 0.637389 0.502062 6.87799 4908.07 7111.71 55.2073 42.7328 134.749 110.227 
61.497 53.4672 6.50599 10.5097 112754 112706 0.696649 0.686041 3.63845 2936.18 6242.98 33.7709 50.5062 85.0608 104.878 
40.6419 35.7163 7.65266 14.9184 100600 55456.4 0.650473 0.25364 5.5932 3070.91 4420.79 58.2165 42.488 86.5182 56.4676 
46.6414 72.4239 6.94961 5.85238 118237 137622 0.432596 0.271664 4.75386 5086.13 5659.85 30.6281 45.8928 89.6032 78.4476 
41.8286 44.9211 12.099 10.3153 98366.1 89227.3 0.453875 0.674426 4.678 6792.61 4330.39 28.3786 73.5542 128.393 96.3603 
37.778 47.6514 6.72472 12.5436 88738.9 137318 0.629581 0.438157 4.37415 6356.21 7419.4 74.5332 33.374 75.5775 145.626 
43.2624 74.8971 13.8594 12.1993 113674 50981.8 0.529136 0.583905 5.20724 3727.34 3172.41 71.5799 39.937 116.872 79.2836 
69.8427 63.2264 11.7399 13.4746 109092 95281.7 0.545467 0.466854 5.58275 5927.79 7303.56 60.3318 43.8399 80.6409 115.468 
70.9616 68.4944 12.4836 10.9322 121734 83927.6 0.273021 0.404139 6.36492 5812.96 7469.18 61.6848 43.4614 87.0634 54.0106 
26.1953 41.7012 6.79631 12.7741 141530 80625.9 0.595088 0.535976 4.55432 3017.03 6826.27 43.2351 63.4716 101.423 83.7736 
33.8755 70.6902 7.99659 6.09249 98111.9 70552.3 0.728146 0.427347 6.50781 4376.43 5695.66 50.0504 57.9767 78.8275 146.989 
63.8726 41.3106 6.28756 14.1474 131366 57621.9 0.510841 0.35845 7.36124 6088.74 3002.93 32.4096 67.7827 114.326 117.071 
71.6621 57.7552 9.13491 13.3852 64819.2 96936.1 0.398619 0.733338 5.7295 6655.38 4137.29 70.7678 32.889 83.1124 92.5921 
55.4117 67.4546 9.47916 9.37684 53075.7 110797 0.418373 0.598878 2.81428 5513.29 6583.81 47.9237 28.3247 121.524 121.018 
69.3018 61.2151 7.43896 6.94288 96489.3 140792 0.381598 0.502471 5.47899 5206.19 3571.55 46.8938 61.5987 72.4187 94.2442 
67.2654 66.621 7.91533 7.93225 77010.5 82229 0.700597 0.553425 2.60023 7320.26 3547.54 66.8404 46.1263 77.6003 105.204 
34.615 28.6026 13.09 12.094 62422.9 134027 0.498302 0.499348 6.36368 6953.3 6966.04 58.4626 49.7112 62.4526 148.829 
28.9984 50.7795 12.5795 13.8897 72498.9 138218 0.61462 0.610797 4.40435 5009.88 5561.26 38.7039 33.5613 60.6477 89.8604 
40.4809 56.4386 11.9718 5.67565 101774 142217 0.72487 0.373491 5.71882 4153.05 6244.78 37.8008 55.2344 142.018 86.2493 
25.1646 28.9852 13.4276 8.09784 117927 123843 0.541936 0.523614 4.73715 5632.51 6482.34 74.3612 49.2402 92.0192 103.603 
32.6945 58.4725 13.4167 13.3225 56023.2 133716 0.344943 0.344722 4.58263 2973.73 6330.44 56.1197 64.8038 82.9955 81.3065 
70.8798 46.4925 11.7013 12.6893 119454 89077.4 0.458817 0.570887 4.48582 6567.28 5092.63 41.6533 39.3502 57.3756 95.4495 
25.5267 43.3731 14.088 14.1005 101138 123593 0.502052 0.273035 7.40346 6199.67 7389.63 26.9457 49.7145 74.2849 88.4138 
48.4152 62.825 6.74369 11.4063 63466.1 148000 0.692895 0.56424 6.5658 4127.87 4938.74 27.3742 49.9157 55.6996 132.267 
72.7114 44.1397 9.19178 10.6263 88140 72464.6 0.6834 0.412631 2.97338 4354.25 3802.26 25.4979 65.7354 66.4895 50.9408 
59.6333 39.0721 9.77162 8.27124 107236 108555 0.298121 0.671634 5.39863 4969.21 7136.69 69.9739 43.9595 55.8893 121.754 
26.3863 67.7095 12.0935 10.4151 91074.8 85724.4 0.563829 0.526428 3.00693 5285.35 3873.46 41.9684 45.6911 139.6 145.654 
67.9425 32.3006 10.5322 10.682 118752 146396 0.71272 0.407591 5.0841 2634.13 6861.27 64.5756 43.3097 78.6076 118.752 
66.2014 40.694 5.58866 5.12427 103241 141671 0.684286 0.69923 2.62401 5224.91 5405.64 33.2235 60.5496 127.633 148.928 
60.2681 60.9985 8.67645 6.4426 126271 114318 0.356379 0.345149 3.55193 5099.04 6697.4 26.3536 61.9921 90.5574 145.858 
72.955 72.8405 12.1412 9.92238 106691 98208.7 0.528892 0.296858 3.09313 5108.94 5726.63 40.0073 28.346 86.1403 69.266 
26.1867 51.2282 5.60495 12.2078 62272.9 78529 0.354387 0.646129 2.7612 6643.68 4780.43 54.7253 44.8542 72.4011 97.2142 
60.7266 70.5898 11.3579 13.3721 63109 96228.4 0.659838 0.585044 4.2845 4794.38 4813.61 35.3515 41.8017 78.9779 78.0615 
62.8432 60.8487 6.11851 14.9989 146034 149951 0.437006 0.582997 6.03418 4591.09 6142.73 68.6521 71.2573 149.813 87.5283 
61.0927 52.4163 13.2103 5.582 97645.8 84232.7 0.372269 0.550317 3.46969 6882.57 7238.64 46.1444 55.1006 87.3358 103.229 
58.171 31.5111 7.49263 12.7527 63011.3 70960.5 0.637389 0.502062 6.87799 4908.07 7111.71 55.2073 42.7328 134.749 110.227 
61.497 53.4672 6.50599 10.5097 112754 112706 0.696649 0.686041 3.63845 2936.18 6242.98 33.7709 50.5062 85.0608 104.878 
40.6419 35.7163 7.65266 14.9184 100600 55456.4 0.650473 0.25364 5.5932 3070.91 4420.79 58.2165 42.488 86.5182 56.4676 
46.6414 72.4239 6.94961 5.85238 118237 137622 0.432596 0.271664 4.75386 5086.13 5659.85 30.6281 45.8928 89.6032 78.4476 
41.8286 44.9211 12.099 10.3153 98366.1 89227.3 0.453875 0.674426 4.678 6792.61 4330.39 28.3786 73.5542 128.393 96.3603 
37.778 47.6514 6.72472 12.5436 88738.9 137318 0.629581 0.438157 4.37415 6356.21 7419.4 74.5332 33.374 75.5775 145.626 
43.2624 74.8971 13.8594 12.1993 113674 50981.8 0.529136 0.583905 5.20724 3727.34 3172.41 71.5799 39.937 116.872 79.2836 
69.8427 63.2264 11.7399 13.4746 109092 95281.7 0.545467 0.466854 5.58275 5927.79 7303.56 60.3318 43.8399 80.6409 115.468 
70.9616 68.4944 12.4836 10.9322 121734 83927.6 0.273021 0.404139 6.36492 5812.96 7469.18 61.6848 43.4614 87.0634 54.0106 
26.1953 41.7012 6.79631 12.7741 141530 80625.9 0.595088 0.535976 4.55432 3017.03 6826.27 43.2351 63.4716 101.423 83.7736 
33.8755 70.6902 7.99659 6.09249 98111.9 70552.3 0.728146 0.427347 6.50781 4376.43 5695.66 50.0504 57.9767 78.8275 146.989 
63.8726 41.3106 6.28756 14.1474 131366 57621.9 0.510841 0.35845 7.36124 6088.74 3002.93 32.4096 67.7827 114.326 117.071 
71.6621 57.7552 9.13491 13.3852 64819.2 96936.1 0.398619 0.733338 5.7295 6655.38 4137.29 70.7678 32.889 83.1124 92.5921 
55.4117 67.4546 9.47916 9.37684 53075.7 110797 0.418373 0.598878 2.81428 5513.29 6583.81 47.9237 28.3247 121.524 121.018 
69.3018 61.2151 7.43896 6.94288 96489.3 140792 0.381598 0.502471 5.47899 5206.19 3571.55 46.8938 61.5987 72.4187 94.2442 
67.2654 66.621 7.91533 7.93225 77010.5 82229 0.700597 0.553425 2.60023 7320.26 3547.54 66.8404 46.1263 77.6003 105.204 
34.615 28.6026 13.09 12.094 62422.9 134027 0.498302 0.499348 6.36368 6953.3 6966.04 58.4626 49.7112 62.4526 148.829 
28.9984 50.7795 12.5795 13.8897 72498.9 138218 0.61462 0.610797 4.40435 5009.88 5561.26 38.7039 33.5613 60.6477 89.8604 
40.4809 56.4386 11.9718 5.67565 101774 142217 0.72487 0.373491 5.71882 4153.05 6244.78 37.8008 55.2344 142.018 86.2493 
25.1646 28.9852 13.4276 8.09784 117927 123843 0.541936 0.523614 4.73715 5632.51 6482.34 74.3612 49.2402 92.0192 103.603 
32.6945 58.4725 13.4167 13.3225 56023.2 133716 0.344943 0.344722 4.58263 2973.73 6330.44 56.1197 64.8038 82.9955 81.3065 
70.8798 46.4925 11.7013 12.6893 119454 89077.4 0.458817 0.570887 4.48582 6567.28 5092.63 41.6533 39.3502 57.3756 95.4495 
25.5267 43.3731 14.088 14.1005 101138 123593 0.502052 0.273035 7.40346 6199.67 7389.63 26.9457 49.7145 74.2849 88.4138 
48.4152 62.825 6.74369 11.4063 63466.1 148000 0.692895 0.56424 6.5658 4127.87 4938.74 27.3742 49.9157 55.6996 132.267 
72.7114 44.1397 9.19178 10.6263 88140 72464.6 0.6834 0.412631 2.97338 4354.25 3802.26 25.4979 65.7354 66.4895 50.9408 
59.6333 39.0721 9.77162 8.27124 107236 108555 0.298121 0.671634 5.39863 4969.21 7136.69 69.9739 43.9595 55.8893 121.754 
26.3863 67.7095 12.0935 10.4151 91074.8 85724.4 0.563829 0.526428 3.00693 5285.35 3873.46 41.9684 45.6911 139.6 145.654 
67.9425 32.3006 10.5322 10.682 118752 146396 0.71272 0.407591 5.0841 2634.13 6861.27 64.5756 43.3097 78.6076 118.752 
66.2014 40.694 5.58866 5.12427 103241 141671 0.684286 0.69923 2.62401 5224.91 5405.64 33.2235 60.5496 127.633 148.928 
60.2681 60.9985 8.67645 6.4426 126271 114318 0.356379 0.345149 3.55193 5099.04 6697.4 26.3536 61.9921 90.5574 145.858 
72.955 72.8405 12.1412 9.92238 106691 98208.7 0.528892 0.296858 3.09313 5108.94 5726.63 40.0073 28.346 86.1403 69.266 
60.7266 51.2282 5.60495 13.3721 62272.9 78529 0.354387 0.646129 4.2845 6643.68 4813.61 35.3515 44.8542 72.4011 97.2142 
62.8432 60.8487 6.11851 12.2078 62272.9 78529 0.354387 0.582997 6.03418 4591.09 6142.73 54.7253 44.8542 149.813 87.5283 
61.0927 52.4163 13.2103 12.2078 62272.9 78529 0.354387 0.646129 2.7612 6643.68 7238.64 46.1444 44.8542 87.3358 103.229 
26.1867 31.5111 5.60495 12.2078 63011.3 70960.5 0.354387 0.646129 2.7612 4908.07 7111.71 54.7253 44.8542 134.749 97.2142 
61.497 53.4672 6.50599 10.5097 112754 78529 0.696649 0.646129 2.7612 6643.68 4780.43 54.7253 50.5062 72.4011 104.878 
40.6419 35.7163 5.60495 12.2078 62272.9 78529 0.650473 0.25364 2.7612 6643.68 4420.79 54.7253 42.488 72.4011 97.2142 
46.6414 51.2282 6.94961 12.2078 118237 78529 0.354387 0.271664 4.75386 5086.13 4780.43 54.7253 45.8928 72.4011 78.4476 
41.8286 44.9211 12.099 12.2078 62272.9 89227.3 0.354387 0.646129 2.7612 6792.61 4780.43 54.7253 73.5542 72.4011 97.2142 
26.1867 47.6514 5.60495 12.5436 88738.9 78529 0.354387 0.438157 2.7612 6356.21 7419.4 54.7253 33.374 72.4011 97.2142 
43.2624 74.8971 5.60495 12.2078 62272.9 50981.8 0.529136 0.646129 5.20724 6643.68 4780.43 54.7253 44.8542 72.4011 97.2142 
69.8427 51.2282 11.7399 12.2078 109092 95281.7 0.354387 0.646129 2.7612 5927.79 4780.43 54.7253 43.8399 72.4011 97.2142 
26.1867 68.4944 5.60495 10.9322 121734 78529 0.354387 0.404139 6.36492 6643.68 7469.18 61.6848 44.8542 72.4011 54.0106 
26.1867 41.7012 5.60495 12.2078 141530 78529 0.595088 0.646129 2.7612 6643.68 6826.27 54.7253 44.8542 101.423 97.2142 
26.1867 51.2282 5.60495 6.09249 98111.9 70552.3 0.728146 0.646129 2.7612 4376.43 4780.43 54.7253 44.8542 72.4011 97.2142 
26.1867 41.3106 5.60495 12.2078 131366 78529 0.354387 0.646129 2.7612 6088.74 4780.43 32.4096 67.7827 72.4011 117.071 
26.1867 57.7552 9.13491 13.3852 62272.9 96936.1 0.354387 0.646129 5.7295 6655.38 4137.29 70.7678 32.889 72.4011 97.2142 
26.1867 51.2282 9.47916 9.37684 53075.7 78529 0.418373 0.646129 2.7612 5513.29 6583.81 47.9237 28.3247 121.524 121.018 
69.3018 51.2282 7.43896 12.2078 96489.3 140792 0.381598 0.646129 5.47899 5206.19 3571.55 46.8938 61.5987 72.4187 94.2442 
67.2654 51.2282 5.60495 7.93225 77010.5 78529 0.700597 0.646129 2.7612 6643.68 4780.43 54.7253 44.8542 72.4011 105.204 
34.615 28.6026 13.09 12.2078 62272.9 78529 0.354387 0.646129 2.7612 6643.68 6966.04 54.7253 44.8542 62.4526 97.2142 
28.9984 51.2282 5.60495 12.2078 72498.9 138218 0.354387 0.610797 2.7612 5009.88 4780.43 38.7039 33.5613 72.4011 97.2142 
26.1867 51.2282 11.9718 12.2078 101774 78529 0.72487 0.373491 2.7612 4153.05 4780.43 54.7253 44.8542 72.4011 86.2493 
26.1867 51.2282 5.60495 12.2078 62272.9 78529 0.354387 0.523614 4.73715 5632.51 4780.43 54.7253 44.8542 72.4011 97.2142 
26.1867 51.2282 13.4167 12.2078 62272.9 78529 0.344943 0.646129 2.7612 6643.68 6330.44 54.7253 64.8038 72.4011 81.3065 
70.8798 51.2282 11.7013 12.6893 119454 78529 0.354387 0.570887 4.48582 6643.68 5092.63 54.7253 44.8542 72.4011 97.2142 
25.5267 43.3731 14.088 12.2078 62272.9 78529 0.354387 0.273035 2.7612 6199.67 7389.63 54.7253 44.8542 74.2849 97.2142 
48.4152 51.2282 6.74369 12.2078 63466.1 78529 0.692895 0.646129 2.7612 6643.68 4780.43 27.3742 49.9157 72.4011 132.267 
72.7114 44.1397 5.60495 12.2078 88140 78529 0.354387 0.646129 2.7612 6643.68 4780.43 54.7253 44.8542 72.4011 50.9408 
26.1867 51.2282 9.77162 8.27124 107236 108555 0.354387 0.646129 5.39863 6643.68 4780.43 69.9739 44.8542 55.8893 121.754 
26.1867 67.7095 12.0935 10.4151 91074.8 85724.4 0.354387 0.646129 2.7612 6643.68 4780.43 54.7253 44.8542 139.6 97.2142 
67.9425 51.2282 10.5322 12.2078 62272.9 78529 0.354387 0.646129 2.7612 2634.13 6861.27 64.5756 44.8542 72.4011 118.752 
26.1867 51.2282 5.60495 5.12427 103241 78529 0.354387 0.69923 2.7612 6643.68 5405.64 33.2235 60.5496 72.4011 97.2142 
60.2681 51.2282 8.67645 6.4426 62272.9 114318 0.356379 0.345149 2.7612 5099.04 4780.43 26.3536 44.8542 90.5574 97.2142 
72.955 72.8405 5.60495 12.2078 106691 98208.7 0.354387 0.296858 3.09313 5108.94 4780.43 40.0073 44.8542 86.1403 69.266 
62.8432 60.8487 6.11851 14.9989 63109 96228.4 0.437006 0.582997 4.2845 4591.09 4813.61 35.3515 41.8017 149.813 87.5283 
60.7266 52.4163 13.2103 13.3721 63109 84232.7 0.372269 0.585044 3.46969 6882.57 7238.64 35.3515 41.8017 78.9779 78.0615 
60.7266 31.5111 11.3579 12.7527 63011.3 96228.4 0.637389 0.585044 6.87799 4794.38 7111.71 35.3515 41.8017 78.9779 110.227 
60.7266 53.4672 11.3579 10.5097 112754 112706 0.659838 0.686041 4.2845 2936.18 4813.61 33.7709 41.8017 85.0608 78.0615 
60.7266 35.7163 11.3579 13.3721 100600 96228.4 0.659838 0.25364 4.2845 4794.38 4420.79 35.3515 41.8017 86.5182 56.4676 
60.7266 72.4239 11.3579 5.85238 63109 96228.4 0.659838 0.271664 4.75386 4794.38 5659.85 35.3515 41.8017 89.6032 78.4476 
41.8286 44.9211 11.3579 10.3153 63109 89227.3 0.453875 0.585044 4.2845 4794.38 4813.61 35.3515 73.5542 128.393 96.3603 
37.778 47.6514 6.72472 12.5436 63109 96228.4 0.629581 0.585044 4.37415 6356.21 7419.4 74.5332 33.374 75.5775 145.626 
60.7266 70.5898 11.3579 12.1993 63109 50981.8 0.529136 0.585044 5.20724 4794.38 3172.41 35.3515 41.8017 116.872 78.0615 
60.7266 70.5898 11.7399 13.4746 63109 95281.7 0.545467 0.466854 4.2845 5927.79 7303.56 60.3318 43.8399 78.9779 115.468 
60.7266 68.4944 12.4836 10.9322 121734 96228.4 0.659838 0.404139 6.36492 4794.38 7469.18 35.3515 41.8017 78.9779 78.0615 
26.1953 70.5898 11.3579 13.3721 63109 96228.4 0.659838 0.535976 4.2845 4794.38 6826.27 43.2351 41.8017 78.9779 78.0615 
33.8755 70.5898 11.3579 6.09249 98111.9 70552.3 0.728146 0.585044 4.2845 4376.43 4813.61 35.3515 41.8017 78.8275 78.0615 
60.7266 70.5898 6.28756 13.3721 63109 57621.9 0.510841 0.585044 4.2845 4794.38 3002.93 35.3515 67.7827 114.326 78.0615 
60.7266 70.5898 9.13491 13.3721 63109 96936.1 0.659838 0.733338 5.7295 4794.38 4137.29 70.7678 41.8017 83.1124 78.0615 
55.4117 67.4546 11.3579 13.3721 63109 110797 0.418373 0.598878 2.81428 4794.38 6583.81 47.9237 41.8017 121.524 78.0615 
69.3018 70.5898 7.43896 13.3721 63109 140792 0.659838 0.502471 5.47899 5206.19 3571.55 46.8938 41.8017 78.9779 78.0615 
67.2654 66.621 7.91533 7.93225 77010.5 96228.4 0.659838 0.553425 2.60023 4794.38 3547.54 66.8404 46.1263 78.9779 105.204 
60.7266 70.5898 13.09 13.3721 62422.9 96228.4 0.659838 0.499348 6.36368 4794.38 4813.61 58.4626 49.7112 62.4526 148.829 
28.9984 70.5898 11.3579 13.8897 72498.9 96228.4 0.61462 0.585044 4.2845 5009.88 4813.61 35.3515 41.8017 78.9779 78.0615 
60.7266 70.5898 11.3579 5.67565 101774 142217 0.659838 0.373491 5.71882 4794.38 6244.78 37.8008 55.2344 142.018 78.0615 
60.7266 70.5898 11.3579 8.09784 117927 96228.4 0.659838 0.523614 4.2845 4794.38 4813.61 74.3612 41.8017 78.9779 103.603 
32.6945 70.5898 11.3579 13.3721 63109 96228.4 0.659838 0.344722 4.58263 2973.73 6330.44 56.1197 41.8017 78.9779 78.0615 
70.8798 46.4925 11.7013 13.3721 119454 89077.4 0.458817 0.570887 4.2845 6567.28 4813.61 41.6533 39.3502 57.3756 95.4495 
60.7266 43.3731 11.3579 14.1005 101138 123593 0.502052 0.585044 4.2845 6199.67 7389.63 26.9457 49.7145 78.9779 78.0615 
48.4152 70.5898 6.74369 11.4063 63109 96228.4 0.659838 0.56424 4.2845 4127.87 4938.74 27.3742 41.8017 78.9779 78.0615 
60.7266 44.1397 11.3579 10.6263 88140 72464.6 0.6834 0.585044 2.97338 4354.25 4813.61 25.4979 65.7354 66.4895 50.9408 
60.7266 39.0721 9.77162 13.3721 63109 96228.4 0.298121 0.671634 4.2845 4969.21 7136.69 69.9739 43.9595 55.8893 78.0615 
26.3863 70.5898 12.0935 10.4151 91074.8 85724.4 0.563829 0.526428 3.00693 5285.35 3873.46 35.3515 41.8017 139.6 145.654 
60.7266 32.3006 11.3579 13.3721 118752 146396 0.659838 0.585044 4.2845 4794.38 4813.61 64.5756 41.8017 78.6076 118.752 
60.7266 40.694 5.58866 13.3721 103241 141671 0.684286 0.69923 2.62401 5224.91 4813.61 35.3515 60.5496 127.633 148.928 
60.2681 60.9985 11.3579 6.4426 126271 96228.4 0.659838 0.585044 3.55193 5099.04 4813.61 35.3515 61.9921 90.5574 145.858 
60.7266 72.8405 12.1412 13.3721 106691 96228.4 0.659838 0.296858 4.2845 5108.94 4813.61 35.3515 28.346 78.9779 69.266 
61.0927 52.4163 6.11851 5.582 146034 149951 0.437006 0.582997 6.03418 4591.09 6142.73 46.1444 71.2573 149.813 103.229 
62.8432 31.5111 7.49263 12.7527 63011.3 149951 0.437006 0.502062 6.87799 4908.07 7111.71 55.2073 42.7328 134.749 87.5283 
61.497 53.4672 6.50599 10.5097 146034 149951 0.437006 0.582997 3.63845 4591.09 6142.73 33.7709 50.5062 149.813 87.5283 
40.6419 35.7163 7.65266 14.9989 100600 55456.4 0.650473 0.25364 5.5932 4591.09 4420.79 68.6521 42.488 86.5182 87.5283 
62.8432 60.8487 6.94961 5.85238 118237 137622 0.437006 0.582997 4.75386 5086.13 6142.73 68.6521 71.2573 149.813 78.4476 
41.8286 44.9211 6.11851 14.9989 146034 89227.3 0.437006 0.674426 6.03418 6792.61 6142.73 68.6521 71.2573 149.813 96.3603 
62.8432 60.8487 6.72472 14.9989 146034 137318 0.629581 0.582997 4.37415 6356.21 7419.4 68.6521 33.374 149.813 145.626 
62.8432 74.8971 6.11851 12.1993 146034 50981.8 0.437006 0.582997 6.03418 3727.34 6142.73 71.5799 39.937 149.813 79.2836 
69.8427 63.2264 11.7399 14.9989 109092 95281.7 0.437006 0.466854 5.58275 5927.79 7303.56 68.6521 71.2573 149.813 87.5283 
70.9616 68.4944 12.4836 14.9989 146034 149951 0.273021 0.404139 6.03418 4591.09 6142.73 68.6521 43.4614 149.813 54.0106 
62.8432 41.7012 6.11851 14.9989 146034 149951 0.595088 0.582997 6.03418 4591.09 6142.73 43.2351 63.4716 149.813 87.5283 
62.8432 60.8487 6.11851 14.9989 98111.9 70552.3 0.437006 0.427347 6.03418 4591.09 5695.66 68.6521 57.9767 78.8275 87.5283 
62.8432 60.8487 6.11851 14.1474 146034 149951 0.437006 0.35845 6.03418 4591.09 6142.73 68.6521 71.2573 149.813 117.071 
71.6621 60.8487 9.13491 13.3852 64819.2 96936.1 0.437006 0.733338 6.03418 4591.09 6142.73 68.6521 32.889 149.813 92.5921 
62.8432 60.8487 6.11851 14.9989 146034 149951 0.418373 0.582997 6.03418 5513.29 6583.81 47.9237 71.2573 121.524 87.5283 
69.3018 61.2151 7.43896 6.94288 146034 149951 0.437006 0.502471 6.03418 5206.19 6142.73 46.8938 61.5987 149.813 94.2442 
67.2654 60.8487 7.91533 7.93225 77010.5 149951 0.437006 0.582997 6.03418 7320.26 6142.73 66.8404 46.1263 149.813 105.204 
34.615 28.6026 6.11851 14.9989 62422.9 134027 0.498302 0.582997 6.36368 6953.3 6966.04 68.6521 71.2573 149.813 87.5283 
28.9984 60.8487 12.5795 13.8897 146034 149951 0.61462 0.582997 4.40435 4591.09 6142.73 38.7039 71.2573 60.6477 89.8604 
40.4809 60.8487 11.9718 14.9989 101774 149951 0.437006 0.582997 6.03418 4153.05 6244.78 37.8008 71.2573 149.813 87.5283 
62.8432 60.8487 13.4276 14.9989 117927 123843 0.437006 0.523614 6.03418 5632.51 6482.34 68.6521 71.2573 92.0192 103.603 
62.8432 58.4725 6.11851 13.3225 146034 149951 0.437006 0.582997 6.03418 4591.09 6142.73 68.6521 71.2573 149.813 87.5283 
70.8798 46.4925 11.7013 14.9989 119454 149951 0.437006 0.582997 6.03418 4591.09 6142.73 68.6521 71.2573 57.3756 95.4495 
62.8432 43.3731 14.088 14.9989 101138 123593 0.437006 0.273035 6.03418 6199.67 6142.73 68.6521 71.2573 74.2849 88.4138 
48.4152 62.825 6.74369 14.9989 146034 149951 0.437006 0.582997 6.5658 4127.87 6142.73 27.3742 49.9157 149.813 132.267 
72.7114 60.8487 6.11851 14.9989 88140 72464.6 0.437006 0.582997 2.97338 4591.09 3802.26 25.4979 65.7354 149.813 50.9408 
62.8432 39.0721 6.11851 8.27124 107236 149951 0.437006 0.671634 6.03418 4591.09 7136.69 68.6521 43.9595 149.813 121.754 
62.8432 67.7095 12.0935 10.4151 91074.8 85724.4 0.563829 0.582997 3.00693 4591.09 6142.73 41.9684 71.2573 139.6 145.654 
67.9425 60.8487 6.11851 10.682 146034 149951 0.437006 0.407591 6.03418 4591.09 6861.27 64.5756 43.3097 78.6076 118.752 
62.8432 60.8487 6.11851 14.9989 103241 149951 0.437006 0.582997 6.03418 4591.09 5405.64 33.2235 60.5496 127.633 148.928 
60.2681 60.9985 8.67645 14.9989 126271 149951 0.437006 0.345149 3.55193 4591.09 6142.73 68.6521 61.9921 90.5574 145.858 
72.955 60.8487 12.1412 9.92238 106691 98208.7 0.437006 0.296858 6.03418 4591.09 5726.63 40.0073 28.346 86.1403 69.266 
61.0927 52.4163 7.49263 12.7527 97645.8 84232.7 0.372269 0.550317 6.87799 4908.07 7111.71 55.2073 55.1006 134.749 103.229 
61.0927 52.4163 6.50599 10.5097 112754 112706 0.372269 0.686041 3.46969 6882.57 6242.98 33.7709 55.1006 87.3358 104.878 
40.6419 52.4163 13.2103 5.582 100600 84232.7 0.650473 0.550317 5.5932 6882.57 7238.64 46.1444 42.488 86.5182 56.4676 
61.0927 72.4239 13.2103 5.85238 118237 137622 0.432596 0.271664 4.75386 5086.13 5659.85 30.6281 45.8928 87.3358 78.4476 
61.0927 52.4163 12.099 5.582 97645.8 89227.3 0.453875 0.550317 3.46969 6882.57 7238.64 46.1444 73.5542 87.3358 96.3603 
37.778 47.6514 6.72472 12.5436 97645.8 84232.7 0.372269 0.550317 4.37415 6882.57 7419.4 74.5332 33.374 87.3358 103.229 
61.0927 74.8971 13.2103 12.1993 113674 50981.8 0.529136 0.583905 5.20724 3727.34 3172.41 46.1444 55.1006 116.872 103.229 
61.0927 52.4163 13.2103 13.4746 109092 95281.7 0.372269 0.550317 5.58275 6882.57 7303.56 46.1444 43.8399 87.3358 115.468 
70.9616 52.4163 13.2103 5.582 97645.8 84232.7 0.273021 0.550317 6.36492 6882.57 7238.64 61.6848 55.1006 87.3358 103.229 
26.1953 41.7012 13.2103 12.7741 97645.8 84232.7 0.372269 0.535976 4.55432 6882.57 6826.27 46.1444 55.1006 101.423 103.229 
61.0927 52.4163 7.99659 5.582 98111.9 70552.3 0.728146 0.550317 6.50781 6882.57 7238.64 50.0504 57.9767 78.8275 103.229 
63.8726 52.4163 6.28756 5.582 97645.8 84232.7 0.372269 0.550317 7.36124 6882.57 7238.64 46.1444 55.1006 114.326 117.071 
61.0927 57.7552 13.2103 13.3852 97645.8 96936.1 0.398619 0.733338 3.46969 6882.57 4137.29 46.1444 55.1006 83.1124 103.229 
55.4117 67.4546 13.2103 5.582 97645.8 84232.7 0.372269 0.550317 2.81428 6882.57 7238.64 46.1444 55.1006 121.524 103.229 
61.0927 61.2151 13.2103 6.94288 96489.3 84232.7 0.381598 0.550317 5.47899 5206.19 3571.55 46.8938 55.1006 87.3358 94.2442 
61.0927 66.621 7.91533 5.582 97645.8 82229 0.700597 0.550317 3.46969 7320.26 3547.54 66.8404 46.1263 87.3358 103.229 
34.615 52.4163 13.09 12.094 97645.8 134027 0.372269 0.499348 3.46969 6882.57 7238.64 58.4626 55.1006 87.3358 103.229 
61.0927 52.4163 12.5795 13.8897 72498.9 138218 0.372269 0.610797 3.46969 6882.57 7238.64 38.7039 33.5613 60.6477 103.229 
61.0927 56.4386 13.2103 5.582 101774 142217 0.72487 0.550317 3.46969 4153.05 7238.64 37.8008 55.2344 142.018 103.229 
25.1646 28.9852 13.4276 8.09784 97645.8 123843 0.372269 0.523614 3.46969 5632.51 7238.64 46.1444 55.1006 87.3358 103.229 
61.0927 52.4163 13.2103 13.3225 97645.8 133716 0.344943 0.550317 3.46969 2973.73 6330.44 46.1444 64.8038 82.9955 103.229 
70.8798 52.4163 11.7013 12.6893 97645.8 84232.7 0.372269 0.550317 4.48582 6882.57 5092.63 46.1444 39.3502 87.3358 103.229 
25.5267 43.3731 14.088 14.1005 97645.8 123593 0.502052 0.550317 3.46969 6199.67 7389.63 26.9457 55.1006 74.2849 88.4138 
61.0927 62.825 13.2103 11.4063 97645.8 84232.7 0.372269 0.56424 3.46969 6882.57 4938.74 46.1444 55.1006 87.3358 132.267 
72.7114 52.4163 13.2103 5.582 88140 72464.6 0.372269 0.550317 2.97338 6882.57 7238.64 25.4979 55.1006 87.3358 103.229 
59.6333 52.4163 9.77162 8.27124 97645.8 84232.7 0.372269 0.550317 5.39863 6882.57 7238.64 69.9739 43.9595 87.3358 103.229 
61.0927 52.4163 13.2103 5.582 97645.8 84232.7 0.563829 0.550317 3.00693 5285.35 3873.46 41.9684 55.1006 139.6 145.654 
61.0927 52.4163 13.2103 5.582 97645.8 84232.7 0.71272 0.550317 5.0841 2634.13 6861.27 64.5756 55.1006 78.6076 103.229 
66.2014 40.694 13.2103 5.582 97645.8 141671 0.372269 0.550317 2.62401 6882.57 5405.64 33.2235 55.1006 87.3358 103.229 
60.2681 60.9985 8.67645 5.582 126271 84232.7 0.356379 0.345149 3.55193 6882.57 7238.64 46.1444 55.1006 90.5574 103.229 
61.0927 52.4163 12.1412 9.92238 106691 84232.7 0.372269 0.550317 3.09313 6882.57 7238.64 40.0073 28.346 87.3358 69.266 
61.497 31.5111 7.49263 10.5097 112754 112706 0.637389 0.502062 3.63845 4908.07 7111.71 55.2073 50.5062 134.749 110.227 
40.6419 31.5111 7.65266 12.7527 63011.3 70960.5 0.650473 0.502062 6.87799 4908.07 4420.79 58.2165 42.488 86.5182 110.227 
58.171 72.4239 7.49263 5.85238 118237 70960.5 0.637389 0.502062 6.87799 4908.07 7111.71 30.6281 42.7328 134.749 78.4476 
41.8286 44.9211 7.49263 12.7527 63011.3 89227.3 0.453875 0.674426 6.87799 6792.61 7111.71 55.2073 73.5542 128.393 96.3603 
37.778 31.5111 6.72472 12.7527 88738.9 137318 0.637389 0.502062 4.37415 4908.07 7419.4 74.5332 33.374 134.749 145.626 
43.2624 74.8971 13.8594 12.7527 63011.3 50981.8 0.529136 0.583905 6.87799 3727.34 3172.41 71.5799 42.7328 134.749 110.227 
69.8427 63.2264 7.49263 13.4746 109092 70960.5 0.637389 0.466854 5.58275 5927.79 7111.71 55.2073 43.8399 134.749 110.227 
70.9616 68.4944 7.49263 10.9322 63011.3 70960.5 0.637389 0.404139 6.87799 5812.96 7469.18 61.6848 42.7328 87.0634 54.0106 
26.1953 41.7012 7.49263 12.7527 141530 70960.5 0.595088 0.535976 6.87799 4908.07 6826.27 55.2073 63.4716 101.423 83.7736 
58.171 70.6902 7.49263 12.7527 63011.3 70960.5 0.728146 0.427347 6.87799 4376.43 7111.71 55.2073 42.7328 78.8275 146.989 
58.171 41.3106 6.28756 14.1474 131366 70960.5 0.510841 0.502062 6.87799 4908.07 3002.93 55.2073 42.7328 134.749 117.071 
71.6621 57.7552 7.49263 12.7527 64819.2 96936.1 0.398619 0.733338 6.87799 4908.07 7111.71 70.7678 42.7328 83.1124 92.5921 
58.171 67.4546 7.49263 9.37684 63011.3 70960.5 0.637389 0.502062 6.87799 4908.07 7111.71 55.2073 42.7328 121.524 121.018 
58.171 61.2151 7.49263 6.94288 63011.3 70960.5 0.637389 0.502471 5.47899 5206.19 3571.55 55.2073 42.7328 134.749 110.227 
67.2654 31.5111 7.49263 12.7527 63011.3 82229 0.637389 0.502062 2.60023 7320.26 7111.71 55.2073 46.1263 77.6003 105.204 
58.171 31.5111 7.49263 12.094 62422.9 134027 0.498302 0.502062 6.87799 6953.3 6966.04 55.2073 42.7328 62.4526 110.227 
58.171 50.7795 12.5795 12.7527 72498.9 138218 0.61462 0.610797 4.40435 5009.88 7111.71 55.2073 33.5613 134.749 110.227 
58.171 31.5111 7.49263 5.67565 63011.3 70960.5 0.637389 0.502062 6.87799 4153.05 6244.78 55.2073 42.7328 134.749 86.2493 
58.171 31.5111 13.4276 8.09784 63011.3 70960.5 0.541936 0.502062 6.87799 4908.07 6482.34 55.2073 49.2402 134.749 110.227 
32.6945 58.4725 13.4167 12.7527 56023.2 70960.5 0.637389 0.502062 6.87799 2973.73 6330.44 55.2073 64.8038 82.9955 110.227 
70.8798 31.5111 7.49263 12.7527 63011.3 89077.4 0.458817 0.570887 4.48582 6567.28 7111.71 41.6533 42.7328 134.749 95.4495 
25.5267 31.5111 14.088 14.1005 63011.3 70960.5 0.502052 0.502062 6.87799 6199.67 7111.71 55.2073 49.7145 74.2849 110.227 
48.4152 31.5111 7.49263 12.7527 63466.1 148000 0.692895 0.502062 6.87799 4127.87 7111.71 27.3742 42.7328 55.6996 110.227 
58.171 31.5111 7.49263 10.6263 88140 70960.5 0.6834 0.502062 2.97338 4908.07 3802.26 25.4979 42.7328 66.4895 50.9408 
58.171 39.0721 7.49263 8.27124 107236 70960.5 0.637389 0.671634 6.87799 4969.21 7111.71 69.9739 43.9595 55.8893 110.227 
26.3863 67.7095 7.49263 10.4151 63011.3 70960.5 0.637389 0.502062 6.87799 5285.35 7111.71 55.2073 45.6911 139.6 110.227 
67.9425 32.3006 10.5322 10.682 118752 70960.5 0.71272 0.407591 6.87799 4908.07 7111.71 55.2073 42.7328 78.6076 110.227 
58.171 40.694 5.58866 5.12427 63011.3 70960.5 0.637389 0.502062 6.87799 5224.91 7111.71 33.2235 60.5496 134.749 110.227 
58.171 60.9985 7.49263 6.4426 63011.3 114318 0.637389 0.502062 3.55193 4908.07 6697.4 55.2073 61.9921 90.5574 110.227 
72.955 31.5111 12.1412 9.92238 63011.3 98208.7 0.528892 0.502062 6.87799 5108.94 5726.63 40.0073 28.346 86.1403 69.266 
40.6419 53.4672 7.65266 10.5097 100600 112706 0.696649 0.686041 3.63845 3070.91 6242.98 33.7709 50.5062 86.5182 104.878 
46.6414 53.4672 6.94961 10.5097 112754 137622 0.432596 0.686041 4.75386 5086.13 5659.85 33.7709 50.5062 89.6032 104.878 
61.497 53.4672 6.50599 10.3153 98366.1 89227.3 0.453875 0.686041 3.63845 2936.18 6242.98 33.7709 73.5542 85.0608 96.3603 
37.778 53.4672 6.50599 12.5436 112754 137318 0.696649 0.438157 3.63845 6356.21 7419.4 74.5332 33.374 85.0608 145.626 
61.497 53.4672 6.50599 10.5097 112754 112706 0.696649 0.686041 3.63845 2936.18 6242.98 71.5799 50.5062 116.872 79.2836 
61.497 53.4672 11.7399 10.5097 112754 112706 0.696649 0.686041 3.63845 2936.18 6242.98 60.3318 50.5062 80.6409 104.878 
70.9616 53.4672 6.50599 10.9322 112754 112706 0.696649 0.404139 3.63845 5812.96 7469.18 61.6848 50.5062 85.0608 104.878 
26.1953 53.4672 6.79631 12.7741 141530 80625.9 0.595088 0.535976 3.63845 2936.18 6242.98 33.7709 63.4716 85.0608 104.878 
33.8755 70.6902 6.50599 10.5097 98111.9 70552.3 0.728146 0.427347 3.63845 4376.43 6242.98 33.7709 57.9767 85.0608 104.878 
61.497 53.4672 6.28756 10.5097 112754 57621.9 0.510841 0.686041 7.36124 2936.18 6242.98 32.4096 67.7827 85.0608 117.071 
71.6621 53.4672 9.13491 10.5097 112754 96936.1 0.696649 0.733338 3.63845 2936.18 4137.29 70.7678 32.889 85.0608 104.878 
55.4117 53.4672 6.50599 9.37684 112754 112706 0.696649 0.686041 2.81428 5513.29 6583.81 47.9237 28.3247 85.0608 121.018 
61.497 53.4672 7.43896 10.5097 112754 140792 0.381598 0.686041 5.47899 5206.19 3571.55 33.7709 61.5987 85.0608 94.2442 
67.2654 53.4672 7.91533 10.5097 77010.5 112706 0.700597 0.686041 2.60023 2936.18 3547.54 33.7709 46.1263 85.0608 104.878 
34.615 28.6026 6.50599 10.5097 62422.9 112706 0.696649 0.686041 6.36368 2936.18 6242.98 58.4626 50.5062 62.4526 104.878 
61.497 50.7795 6.50599 10.5097 112754 138218 0.696649 0.610797 4.40435 5009.88 6242.98 38.7039 33.5613 85.0608 104.878 
61.497 56.4386 11.9718 10.5097 112754 142217 0.72487 0.686041 5.71882 4153.05 6244.78 33.7709 50.5062 85.0608 86.2493 
61.497 53.4672 13.4276 8.09784 112754 123843 0.541936 0.523614 4.73715 5632.51 6242.98 74.3612 50.5062 85.0608 103.603 
32.6945 58.4725 13.4167 13.3225 56023.2 133716 0.696649 0.344722 3.63845 2936.18 6242.98 56.1197 50.5062 82.9955 81.3065 
61.497 53.4672 11.7013 10.5097 119454 112706 0.458817 0.570887 4.48582 2936.18 6242.98 33.7709 50.5062 57.3756 95.4495 
25.5267 53.4672 6.50599 10.5097 112754 123593 0.696649 0.686041 3.63845 2936.18 7389.63 26.9457 50.5062 85.0608 88.4138 
48.4152 53.4672 6.74369 11.4063 63466.1 148000 0.692895 0.686041 3.63845 4127.87 4938.74 33.7709 49.9157 55.6996 132.267 
61.497 44.1397 6.50599 10.5097 112754 112706 0.696649 0.686041 2.97338 4354.25 3802.26 33.7709 65.7354 66.4895 104.878 
61.497 53.4672 9.77162 8.27124 112754 112706 0.696649 0.671634 5.39863 2936.18 7136.69 33.7709 43.9595 85.0608 104.878 
26.3863 67.7095 6.50599 10.4151 112754 112706 0.696649 0.686041 3.63845 5285.35 6242.98 41.9684 50.5062 139.6 145.654 
67.9425 32.3006 10.5322 10.682 112754 146396 0.71272 0.407591 5.0841 2936.18 6242.98 33.7709 43.3097 78.6076 118.752 
61.497 40.694 6.50599 10.5097 103241 112706 0.696649 0.69923 2.62401 5224.91 5405.64 33.2235 60.5496 85.0608 104.878 
61.497 60.9985 8.67645 10.5097 112754 112706 0.356379 0.686041 3.63845 5099.04 6697.4 33.7709 50.5062 90.5574 104.878 
72.955 72.8405 12.1412 10.5097 106691 112706 0.528892 0.686041 3.63845 2936.18 5726.63 40.0073 28.346 86.1403 104.878 
40.6419 72.4239 7.65266 5.85238 100600 55456.4 0.650473 0.271664 5.5932 3070.91 5659.85 58.2165 42.488 89.6032 78.4476 
40.6419 44.9211 12.099 14.9184 98366.1 89227.3 0.453875 0.674426 4.678 3070.91 4420.79 58.2165 42.488 86.5182 56.4676 
37.778 35.7163 7.65266 14.9184 100600 55456.4 0.650473 0.438157 4.37415 6356.21 4420.79 74.5332 33.374 86.5182 56.4676 
43.2624 74.8971 7.65266 14.9184 100600 55456.4 0.529136 0.583905 5.20724 3727.34 4420.79 71.5799 39.937 86.5182 56.4676 
40.6419 35.7163 11.7399 14.9184 100600 55456.4 0.545467 0.466854 5.58275 5927.79 4420.79 60.3318 42.488 86.5182 56.4676 
70.9616 68.4944 7.65266 14.9184 100600 83927.6 0.273021 0.25364 5.5932 3070.91 7469.18 61.6848 42.488 86.5182 54.0106 
40.6419 41.7012 6.79631 14.9184 100600 55456.4 0.650473 0.535976 4.55432 3017.03 6826.27 58.2165 63.4716 86.5182 56.4676 
33.8755 70.6902 7.65266 14.9184 100600 55456.4 0.728146 0.427347 5.5932 3070.91 5695.66 50.0504 57.9767 86.5182 56.4676 
40.6419 41.3106 6.28756 14.9184 131366 55456.4 0.510841 0.35845 7.36124 6088.74 3002.93 58.2165 67.7827 86.5182 56.4676 
40.6419 35.7163 7.65266 14.9184 100600 96936.1 0.398619 0.25364 5.5932 6655.38 4420.79 58.2165 32.889 83.1124 56.4676 
55.4117 35.7163 7.65266 9.37684 53075.7 110797 0.650473 0.598878 2.81428 5513.29 4420.79 47.9237 42.488 121.524 56.4676 
69.3018 35.7163 7.65266 6.94288 100600 140792 0.650473 0.502471 5.5932 5206.19 3571.55 58.2165 61.5987 72.4187 56.4676 
40.6419 66.621 7.91533 14.9184 100600 82229 0.650473 0.25364 5.5932 3070.91 4420.79 58.2165 46.1263 77.6003 56.4676 
40.6419 35.7163 7.65266 12.094 100600 134027 0.650473 0.499348 6.36368 3070.91 4420.79 58.2165 49.7112 86.5182 148.829 
40.6419 35.7163 7.65266 13.8897 72498.9 138218 0.61462 0.610797 5.5932 5009.88 4420.79 38.7039 33.5613 86.5182 56.4676 
40.6419 35.7163 11.9718 14.9184 101774 142217 0.72487 0.25364 5.5932 3070.91 6244.78 37.8008 55.2344 86.5182 56.4676 
25.1646 28.9852 7.65266 14.9184 100600 55456.4 0.650473 0.25364 5.5932 5632.51 6482.34 58.2165 42.488 92.0192 56.4676 
32.6945 58.4725 13.4167 14.9184 56023.2 55456.4 0.650473 0.344722 4.58263 2973.73 4420.79 58.2165 42.488 86.5182 81.3065 
40.6419 46.4925 7.65266 12.6893 100600 89077.4 0.458817 0.25364 4.48582 6567.28 5092.63 58.2165 42.488 86.5182 95.4495 
25.5267 43.3731 14.088 14.9184 100600 123593 0.502052 0.25364 5.5932 3070.91 7389.63 58.2165 42.488 86.5182 88.4138 
40.6419 62.825 7.65266 14.9184 100600 148000 0.692895 0.25364 6.5658 4127.87 4420.79 27.3742 49.9157 86.5182 56.4676 
72.7114 35.7163 7.65266 10.6263 100600 55456.4 0.650473 0.25364 2.97338 3070.91 4420.79 25.4979 65.7354 66.4895 50.9408 
40.6419 35.7163 7.65266 8.27124 100600 108555 0.650473 0.25364 5.5932 3070.91 7136.69 58.2165 42.488 55.8893 121.754 
40.6419 67.7095 12.0935 10.4151 100600 55456.4 0.563829 0.526428 5.5932 5285.35 4420.79 41.9684 42.488 139.6 145.654 
40.6419 35.7163 10.5322 14.9184 100600 55456.4 0.650473 0.407591 5.0841 3070.91 6861.27 58.2165 43.3097 86.5182 56.4676 
66.2014 35.7163 7.65266 14.9184 100600 141671 0.684286 0.69923 5.5932 3070.91 5405.64 58.2165 60.5496 127.633 56.4676 
60.2681 60.9985 7.65266 14.9184 100600 114318 0.356379 0.345149 5.5932 3070.91 4420.79 26.3536 61.9921 90.5574 56.4676 
72.955 72.8405 12.1412 9.92238 106691 98208.7 0.650473 0.296858 3.09313 5108.94 5726.63 58.2165 28.346 86.5182 56.4676 
41.8286 44.9211 12.099 5.85238 98366.1 89227.3 0.432596 0.271664 4.75386 6792.61 4330.39 30.6281 73.5542 89.6032 78.4476 
37.778 72.4239 6.72472 12.5436 118237 137622 0.432596 0.271664 4.75386 5086.13 5659.85 74.5332 45.8928 75.5775 78.4476 
46.6414 74.8971 6.94961 5.85238 118237 50981.8 0.529136 0.271664 5.20724 5086.13 5659.85 30.6281 45.8928 116.872 79.2836 
69.8427 63.2264 11.7399 5.85238 118237 137622 0.432596 0.271664 4.75386 5927.79 5659.85 30.6281 45.8928 80.6409 78.4476 
70.9616 72.4239 6.94961 10.9322 118237 83927.6 0.273021 0.271664 4.75386 5086.13 5659.85 30.6281 43.4614 87.0634 54.0106 
26.1953 72.4239 6.94961 5.85238 141530 80625.9 0.595088 0.271664 4.55432 3017.03 6826.27 30.6281 45.8928 101.423 83.7736 
33.8755 70.6902 7.99659 6.09249 98111.9 137622 0.728146 0.271664 4.75386 4376.43 5695.66 50.0504 57.9767 78.8275 78.4476 
63.8726 72.4239 6.28756 5.85238 131366 137622 0.510841 0.271664 4.75386 6088.74 5659.85 30.6281 45.8928 89.6032 117.071 
46.6414 57.7552 9.13491 5.85238 64819.2 137622 0.432596 0.271664 5.7295 5086.13 4137.29 30.6281 45.8928 83.1124 92.5921 
46.6414 72.4239 9.47916 9.37684 53075.7 110797 0.418373 0.271664 2.81428 5086.13 5659.85 47.9237 45.8928 89.6032 78.4476 
46.6414 72.4239 7.43896 6.94288 118237 140792 0.432596 0.271664 5.47899 5206.19 3571.55 46.8938 61.5987 72.4187 78.4476 
67.2654 72.4239 7.91533 7.93225 77010.5 82229 0.432596 0.553425 4.75386 7320.26 5659.85 30.6281 46.1263 89.6032 78.4476 
34.615 28.6026 13.09 12.094 118237 137622 0.498302 0.499348 6.36368 5086.13 5659.85 58.4626 45.8928 89.6032 78.4476 
46.6414 72.4239 12.5795 5.85238 72498.9 138218 0.61462 0.610797 4.75386 5086.13 5561.26 30.6281 45.8928 60.6477 89.8604 
40.4809 72.4239 6.94961 5.67565 118237 142217 0.72487 0.373491 4.75386 5086.13 5659.85 37.8008 55.2344 89.6032 78.4476 
46.6414 28.9852 6.94961 8.09784 118237 123843 0.432596 0.271664 4.73715 5632.51 5659.85 74.3612 45.8928 89.6032 78.4476 
32.6945 72.4239 13.4167 5.85238 56023.2 133716 0.432596 0.271664 4.58263 2973.73 5659.85 56.1197 64.8038 89.6032 78.4476 
70.8798 72.4239 11.7013 5.85238 118237 89077.4 0.432596 0.570887 4.48582 6567.28 5659.85 30.6281 39.3502 57.3756 78.4476 
25.5267 43.3731 14.088 14.1005 101138 137622 0.502052 0.273035 4.75386 5086.13 7389.63 26.9457 45.8928 89.6032 88.4138 
46.6414 62.825 6.94961 5.85238 63466.1 137622 0.432596 0.56424 6.5658 5086.13 4938.74 30.6281 45.8928 55.6996 132.267 
72.7114 72.4239 6.94961 5.85238 118237 137622 0.432596 0.412631 4.75386 4354.25 3802.26 25.4979 45.8928 89.6032 50.9408 
46.6414 39.0721 9.77162 5.85238 107236 108555 0.298121 0.671634 5.39863 4969.21 7136.69 69.9739 45.8928 55.8893 78.4476 
26.3863 67.7095 12.0935 5.85238 91074.8 85724.4 0.432596 0.526428 4.75386 5285.35 5659.85 30.6281 45.8928 139.6 78.4476 
46.6414 32.3006 10.5322 10.682 118237 146396 0.71272 0.407591 5.0841 5086.13 6861.27 30.6281 43.3097 78.6076 78.4476 
66.2014 40.694 5.58866 5.85238 103241 137622 0.432596 0.271664 4.75386 5086.13 5405.64 33.2235 45.8928 89.6032 78.4476 
60.2681 72.4239 8.67645 6.4426 118237 114318 0.432596 0.345149 3.55193 5099.04 6697.4 26.3536 45.8928 90.5574 145.858 
72.955 72.4239 6.94961 9.92238 106691 137622 0.432596 0.296858 3.09313 5086.13 5659.85 30.6281 28.346 86.1403 69.266 
37.778 47.6514 6.72472 10.3153 88738.9 89227.3 0.453875 0.438157 4.678 6356.21 7419.4 74.5332 73.5542 75.5775 96.3603 
41.8286 44.9211 13.8594 10.3153 98366.1 89227.3 0.529136 0.583905 5.20724 6792.61 4330.39 71.5799 39.937 116.872 96.3603 
69.8427 44.9211 12.099 10.3153 109092 95281.7 0.545467 0.466854 4.678 5927.79 7303.56 28.3786 43.8399 80.6409 115.468 
70.9616 44.9211 12.099 10.3153 98366.1 89227.3 0.273021 0.674426 4.678 6792.61 4330.39 28.3786 73.5542 87.0634 96.3603 
41.8286 41.7012 6.79631 10.3153 141530 89227.3 0.595088 0.674426 4.55432 3017.03 4330.39 43.2351 63.4716 101.423 96.3603 
33.8755 70.6902 12.099 6.09249 98111.9 70552.3 0.728146 0.427347 6.50781 6792.61 4330.39 28.3786 73.5542 128.393 96.3603 
41.8286 44.9211 6.28756 14.1474 131366 89227.3 0.453875 0.674426 7.36124 6088.74 4330.39 32.4096 67.7827 128.393 117.071 
41.8286 57.7552 12.099 10.3153 98366.1 89227.3 0.453875 0.674426 5.7295 6792.61 4330.39 70.7678 73.5542 83.1124 92.5921 
55.4117 44.9211 12.099 10.3153 98366.1 110797 0.418373 0.674426 4.678 6792.61 4330.39 28.3786 73.5542 121.524 96.3603 
69.3018 61.2151 12.099 10.3153 98366.1 140792 0.453875 0.502471 5.47899 6792.61 3571.55 28.3786 61.5987 128.393 96.3603 
67.2654 66.621 12.099 10.3153 98366.1 89227.3 0.453875 0.553425 2.60023 6792.61 4330.39 28.3786 73.5542 77.6003 105.204 
34.615 44.9211 13.09 10.3153 62422.9 89227.3 0.498302 0.499348 6.36368 6953.3 4330.39 28.3786 49.7112 128.393 148.829 
28.9984 50.7795 12.099 10.3153 98366.1 89227.3 0.61462 0.674426 4.678 6792.61 4330.39 38.7039 33.5613 60.6477 96.3603 
41.8286 56.4386 12.099 10.3153 101774 89227.3 0.453875 0.674426 4.678 4153.05 6244.78 28.3786 73.5542 142.018 96.3603 
25.1646 44.9211 12.099 10.3153 117927 89227.3 0.453875 0.674426 4.678 5632.51 6482.34 28.3786 73.5542 128.393 103.603 
41.8286 58.4725 13.4167 13.3225 56023.2 89227.3 0.344943 0.344722 4.678 2973.73 6330.44 28.3786 73.5542 128.393 81.3065 
41.8286 46.4925 12.099 10.3153 119454 89077.4 0.453875 0.674426 4.678 6792.61 5092.63 41.6533 39.3502 128.393 95.4495 
25.5267 44.9211 12.099 10.3153 98366.1 89227.3 0.453875 0.273035 4.678 6199.67 7389.63 26.9457 73.5542 74.2849 88.4138 
48.4152 44.9211 6.74369 10.3153 98366.1 148000 0.453875 0.56424 6.5658 6792.61 4330.39 27.3742 73.5542 55.6996 132.267 
41.8286 44.1397 12.099 10.3153 88140 72464.6 0.6834 0.674426 2.97338 4354.25 3802.26 28.3786 65.7354 128.393 96.3603 
59.6333 44.9211 12.099 10.3153 98366.1 108555 0.298121 0.671634 5.39863 4969.21 4330.39 69.9739 73.5542 128.393 121.754 
41.8286 44.9211 12.099 10.4151 91074.8 85724.4 0.453875 0.674426 4.678 5285.35 3873.46 28.3786 73.5542 139.6 96.3603 
67.9425 44.9211 12.099 10.3153 98366.1 146396 0.453875 0.674426 4.678 2634.13 6861.27 28.3786 73.5542 128.393 118.752 
66.2014 40.694 12.099 10.3153 103241 141671 0.453875 0.69923 4.678 6792.61 5405.64 28.3786 73.5542 128.393 148.928 
41.8286 44.9211 8.67645 6.4426 98366.1 89227.3 0.453875 0.674426 4.678 5099.04 6697.4 26.3536 73.5542 128.393 96.3603 
72.955 44.9211 12.1412 9.92238 98366.1 89227.3 0.528892 0.674426 4.678 6792.61 4330.39 28.3786 73.5542 86.1403 69.266 
37.778 47.6514 6.72472 12.5436 88738.9 137318 0.529136 0.438157 5.20724 3727.34 7419.4 71.5799 33.374 116.872 145.626 
69.8427 63.2264 6.72472 12.5436 109092 137318 0.545467 0.466854 5.58275 5927.79 7303.56 74.5332 43.8399 80.6409 115.468 
70.9616 47.6514 12.4836 12.5436 88738.9 83927.6 0.629581 0.404139 6.36492 5812.96 7469.18 61.6848 43.4614 87.0634 54.0106 
37.778 47.6514 6.72472 12.7741 88738.9 137318 0.595088 0.438157 4.55432 3017.03 7419.4 74.5332 33.374 75.5775 145.626 
33.8755 70.6902 6.72472 12.5436 88738.9 70552.3 0.629581 0.427347 4.37415 4376.43 5695.66 50.0504 57.9767 75.5775 146.989 
37.778 41.3106 6.28756 14.1474 131366 137318 0.510841 0.35845 4.37415 6088.74 7419.4 32.4096 33.374 75.5775 117.071 
37.778 47.6514 6.72472 13.3852 88738.9 96936.1 0.629581 0.438157 4.37415 6655.38 7419.4 70.7678 32.889 75.5775 145.626 
37.778 67.4546 9.47916 9.37684 88738.9 110797 0.629581 0.438157 4.37415 6356.21 7419.4 47.9237 28.3247 75.5775 145.626 
37.778 61.2151 6.72472 6.94288 88738.9 140792 0.381598 0.502471 5.47899 5206.19 7419.4 74.5332 33.374 72.4187 145.626 
37.778 66.621 7.91533 12.5436 77010.5 137318 0.700597 0.553425 2.60023 7320.26 7419.4 66.8404 33.374 75.5775 105.204 
37.778 28.6026 6.72472 12.094 88738.9 134027 0.629581 0.499348 4.37415 6953.3 6966.04 58.4626 33.374 62.4526 148.829 
37.778 47.6514 6.72472 12.5436 88738.9 137318 0.629581 0.610797 4.37415 5009.88 5561.26 74.5332 33.374 60.6477 145.626 
37.778 47.6514 11.9718 12.5436 101774 137318 0.629581 0.373491 4.37415 6356.21 6244.78 37.8008 33.374 142.018 86.2493 
25.1646 47.6514 13.4276 12.5436 88738.9 137318 0.629581 0.523614 4.73715 6356.21 7419.4 74.5332 49.2402 92.0192 145.626 
32.6945 58.4725 6.72472 13.3225 88738.9 137318 0.629581 0.438157 4.58263 6356.21 6330.44 56.1197 33.374 75.5775 81.3065 
37.778 46.4925 11.7013 12.6893 119454 137318 0.458817 0.438157 4.48582 6567.28 5092.63 74.5332 33.374 75.5775 95.4495 
37.778 47.6514 14.088 14.1005 101138 137318 0.502052 0.273035 7.40346 6199.67 7419.4 26.9457 49.7145 74.2849 88.4138 
37.778 62.825 6.72472 12.5436 63466.1 137318 0.629581 0.56424 6.5658 6356.21 7419.4 74.5332 33.374 75.5775 145.626 
37.778 44.1397 6.72472 10.6263 88738.9 137318 0.629581 0.438157 2.97338 4354.25 3802.26 74.5332 33.374 75.5775 50.9408 
37.778 39.0721 6.72472 8.27124 107236 137318 0.298121 0.671634 5.39863 6356.21 7136.69 74.5332 33.374 75.5775 121.754 
26.3863 47.6514 6.72472 10.4151 88738.9 85724.4 0.563829 0.438157 3.00693 5285.35 7419.4 74.5332 33.374 75.5775 145.654 
67.9425 32.3006 6.72472 12.5436 88738.9 146396 0.629581 0.407591 5.0841 6356.21 7419.4 64.5756 33.374 78.6076 118.752 
66.2014 47.6514 5.58866 12.5436 88738.9 137318 0.684286 0.438157 4.37415 5224.91 7419.4 74.5332 33.374 75.5775 148.928 
60.2681 60.9985 6.72472 12.5436 88738.9 137318 0.629581 0.345149 4.37415 5099.04 6697.4 26.3536 33.374 75.5775 145.626 
37.778 47.6514 12.1412 12.5436 88738.9 98208.7 0.629581 0.438157 4.37415 6356.21 5726.63 74.5332 28.346 75.5775 145.626 
43.2624 63.2264 13.8594 13.4746 109092 95281.7 0.545467 0.583905 5.20724 5927.79 7303.56 71.5799 43.8399 116.872 79.2836 
43.2624 74.8971 13.8594 12.1993 113674 50981.8 0.529136 0.583905 5.20724 5812.96 3172.41 61.6848 39.937 116.872 79.2836 
26.1953 74.8971 6.79631 12.1993 113674 80625.9 0.595088 0.535976 4.55432 3727.34 6826.27 71.5799 39.937 101.423 83.7736 
43.2624 70.6902 13.8594 12.1993 98111.9 70552.3 0.529136 0.583905 6.50781 4376.43 5695.66 50.0504 39.937 116.872 79.2836 
63.8726 41.3106 13.8594 12.1993 131366 50981.8 0.529136 0.35845 5.20724 3727.34 3002.93 32.4096 67.7827 116.872 117.071 
43.2624 74.8971 13.8594 12.1993 113674 50981.8 0.398619 0.733338 5.20724 6655.38 4137.29 71.5799 32.889 83.1124 79.2836 
55.4117 74.8971 13.8594 12.1993 53075.7 50981.8 0.529136 0.583905 5.20724 5513.29 3172.41 47.9237 28.3247 116.872 79.2836 
43.2624 74.8971 13.8594 12.1993 96489.3 140792 0.381598 0.502471 5.20724 5206.19 3571.55 46.8938 39.937 116.872 94.2442 
67.2654 66.621 13.8594 7.93225 113674 82229 0.529136 0.583905 5.20724 3727.34 3172.41 66.8404 39.937 77.6003 105.204 
43.2624 28.6026 13.8594 12.1993 62422.9 134027 0.498302 0.583905 6.36368 3727.34 3172.41 58.4626 39.937 62.4526 148.829 
28.9984 74.8971 12.5795 13.8897 113674 138218 0.61462 0.583905 5.20724 3727.34 3172.41 71.5799 33.5613 116.872 89.8604 
43.2624 56.4386 11.9718 12.1993 101774 50981.8 0.529136 0.373491 5.71882 4153.05 6244.78 71.5799 39.937 116.872 86.2493 
43.2624 28.9852 13.8594 12.1993 117927 50981.8 0.541936 0.523614 4.73715 3727.34 6482.34 71.5799 39.937 116.872 103.603 
43.2624 58.4725 13.8594 13.3225 56023.2 133716 0.529136 0.344722 4.58263 3727.34 6330.44 56.1197 64.8038 116.872 81.3065 
70.8798 46.4925 11.7013 12.6893 119454 50981.8 0.529136 0.583905 5.20724 6567.28 3172.41 71.5799 39.937 57.3756 95.4495 
25.5267 74.8971 13.8594 14.1005 101138 123593 0.502052 0.583905 7.40346 3727.34 3172.41 71.5799 49.7145 74.2849 88.4138 
43.2624 74.8971 13.8594 11.4063 113674 148000 0.529136 0.583905 5.20724 4127.87 3172.41 27.3742 49.9157 116.872 79.2836 
43.2624 74.8971 13.8594 12.1993 88140 50981.8 0.529136 0.583905 5.20724 4354.25 3172.41 25.4979 65.7354 116.872 50.9408 
59.6333 39.0721 13.8594 8.27124 107236 50981.8 0.529136 0.583905 5.39863 3727.34 7136.69 69.9739 39.937 55.8893 79.2836 
43.2624 67.7095 13.8594 10.4151 113674 85724.4 0.529136 0.583905 5.20724 5285.35 3172.41 41.9684 39.937 116.872 145.654 
43.2624 32.3006 10.5322 12.1993 113674 50981.8 0.71272 0.407591 5.20724 3727.34 3172.41 64.5756 39.937 116.872 118.752 
43.2624 40.694 5.58866 5.12427 113674 141671 0.684286 0.69923 5.20724 5224.91 3172.41 33.2235 60.5496 127.633 148.928 
43.2624 60.9985 13.8594 6.4426 126271 114318 0.529136 0.583905 3.55193 3727.34 6697.4 26.3536 39.937 90.5574 79.2836 
72.955 72.8405 12.1412 12.1993 113674 50981.8 0.529136 0.583905 3.09313 3727.34 5726.63 71.5799 28.346 116.872 69.266 
69.8427 63.2264 12.4836 13.4746 109092 95281.7 0.545467 0.466854 5.58275 5927.79 7469.18 60.3318 43.8399 87.0634 54.0106 
26.1953 41.7012 6.79631 13.4746 109092 95281.7 0.595088 0.466854 5.58275 5927.79 7303.56 43.2351 63.4716 101.423 115.468 
33.8755 70.6902 11.7399 6.09249 98111.9 95281.7 0.545467 0.466854 6.50781 4376.43 7303.56 50.0504 57.9767 78.8275 146.989 
63.8726 41.3106 11.7399 13.4746 131366 57621.9 0.510841 0.466854 7.36124 5927.79 3002.93 60.3318 67.7827 80.6409 117.071 
71.6621 63.2264 9.13491 13.3852 64819.2 95281.7 0.545467 0.466854 5.7295 5927.79 4137.29 70.7678 43.8399 83.1124 92.5921 
55.4117 63.2264 11.7399 13.4746 53075.7 95281.7 0.418373 0.466854 2.81428 5513.29 6583.81 60.3318 43.8399 121.524 121.018 
69.8427 63.2264 7.43896 6.94288 109092 140792 0.545467 0.502471 5.58275 5206.19 3571.55 46.8938 61.5987 80.6409 94.2442 
69.8427 66.621 11.7399 7.93225 109092 82229 0.700597 0.553425 5.58275 5927.79 3547.54 60.3318 46.1263 77.6003 105.204 
69.8427 28.6026 11.7399 13.4746 62422.9 95281.7 0.545467 0.499348 6.36368 5927.79 7303.56 58.4626 43.8399 80.6409 148.829 
28.9984 50.7795 12.5795 13.4746 109092 138218 0.545467 0.610797 4.40435 5927.79 7303.56 60.3318 33.5613 60.6477 115.468 
69.8427 56.4386 11.7399 13.4746 109092 95281.7 0.545467 0.466854 5.71882 5927.79 6244.78 60.3318 43.8399 142.018 86.2493 
69.8427 28.9852 11.7399 13.4746 117927 95281.7 0.545467 0.523614 5.58275 5632.51 7303.56 60.3318 43.8399 92.0192 103.603 
32.6945 58.4725 13.4167 13.4746 109092 133716 0.545467 0.344722 4.58263 5927.79 7303.56 56.1197 64.8038 80.6409 115.468 
69.8427 46.4925 11.7399 13.4746 109092 89077.4 0.545467 0.466854 4.48582 5927.79 7303.56 41.6533 43.8399 57.3756 95.4495 
69.8427 43.3731 14.088 14.1005 101138 123593 0.545467 0.466854 5.58275 5927.79 7303.56 60.3318 49.7145 74.2849 88.4138 
69.8427 62.825 6.74369 13.4746 109092 148000 0.545467 0.466854 5.58275 4127.87 4938.74 60.3318 49.9157 80.6409 115.468 
72.7114 63.2264 9.19178 13.4746 109092 95281.7 0.6834 0.466854 2.97338 5927.79 3802.26 25.4979 65.7354 66.4895 50.9408 
69.8427 63.2264 9.77162 13.4746 109092 108555 0.298121 0.466854 5.58275 5927.79 7303.56 69.9739 43.8399 80.6409 115.468 
69.8427 67.7095 11.7399 13.4746 91074.8 95281.7 0.563829 0.526428 3.00693 5927.79 7303.56 41.9684 43.8399 139.6 115.468 
69.8427 63.2264 11.7399 10.682 109092 146396 0.71272 0.466854 5.58275 5927.79 6861.27 60.3318 43.8399 78.6076 118.752 
69.8427 63.2264 11.7399 13.4746 103241 95281.7 0.684286 0.466854 5.58275 5927.79 7303.56 60.3318 60.5496 127.633 115.468 
69.8427 60.9985 11.7399 6.4426 126271 114318 0.545467 0.466854 5.58275 5099.04 7303.56 26.3536 43.8399 80.6409 145.858 
72.955 63.2264 11.7399 13.4746 106691 98208.7 0.545467 0.466854 3.09313 5927.79 5726.63 60.3318 28.346 86.1403 69.266 
26.1953 41.7012 6.79631 12.7741 141530 83927.6 0.273021 0.404139 4.55432 5812.96 6826.27 61.6848 43.4614 87.0634 54.0106 
70.9616 70.6902 12.4836 6.09249 98111.9 83927.6 0.728146 0.427347 6.36492 4376.43 5695.66 61.6848 57.9767 78.8275 54.0106 
63.8726 68.4944 12.4836 10.9322 131366 83927.6 0.273021 0.404139 6.36492 5812.96 7469.18 32.4096 67.7827 114.326 117.071 
71.6621 57.7552 9.13491 13.3852 121734 96936.1 0.273021 0.733338 6.36492 6655.38 4137.29 61.6848 32.889 87.0634 92.5921 
70.9616 67.4546 9.47916 9.37684 53075.7 83927.6 0.418373 0.404139 6.36492 5812.96 7469.18 47.9237 28.3247 121.524 54.0106 
69.3018 61.2151 7.43896 6.94288 96489.3 83927.6 0.273021 0.502471 5.47899 5206.19 7469.18 61.6848 61.5987 87.0634 94.2442 
70.9616 66.621 12.4836 7.93225 121734 83927.6 0.273021 0.404139 6.36492 7320.26 7469.18 66.8404 43.4614 77.6003 105.204 
34.615 28.6026 12.4836 12.094 121734 134027 0.498302 0.499348 6.36492 6953.3 7469.18 58.4626 43.4614 62.4526 148.829 
28.9984 68.4944 12.5795 13.8897 72498.9 138218 0.61462 0.404139 4.40435 5812.96 7469.18 38.7039 43.4614 60.6477 89.8604 
40.4809 68.4944 11.9718 5.67565 101774 142217 0.72487 0.404139 5.71882 5812.96 6244.78 37.8008 55.2344 142.018 86.2493 
25.1646 28.9852 13.4276 10.9322 121734 123843 0.273021 0.404139 6.36492 5632.51 7469.18 61.6848 49.2402 87.0634 103.603 
32.6945 68.4944 13.4167 10.9322 121734 133716 0.273021 0.344722 4.58263 2973.73 6330.44 56.1197 64.8038 82.9955 81.3065 
70.9616 46.4925 12.4836 10.9322 119454 89077.4 0.458817 0.570887 4.48582 6567.28 5092.63 61.6848 39.3502 57.3756 95.4495 
25.5267 68.4944 14.088 10.9322 101138 123593 0.502052 0.273035 7.40346 6199.67 7389.63 26.9457 49.7145 87.0634 54.0106 
48.4152 68.4944 12.4836 11.4063 121734 148000 0.692895 0.404139 6.5658 4127.87 7469.18 27.3742 49.9157 87.0634 54.0106 
72.7114 44.1397 9.19178 10.9322 121734 83927.6 0.273021 0.412631 6.36492 4354.25 3802.26 25.4979 65.7354 87.0634 54.0106 
70.9616 39.0721 12.4836 10.9322 107236 108555 0.273021 0.671634 6.36492 5812.96 7469.18 61.6848 43.9595 55.8893 121.754 
70.9616 67.7095 12.4836 10.9322 91074.8 83927.6 0.563829 0.404139 6.36492 5285.35 7469.18 41.9684 45.6911 139.6 54.0106 
67.9425 32.3006 10.5322 10.9322 121734 146396 0.273021 0.404139 6.36492 5812.96 7469.18 64.5756 43.3097 78.6076 54.0106 
70.9616 68.4944 12.4836 10.9322 121734 83927.6 0.684286 0.69923 6.36492 5224.91 5405.64 33.2235 43.4614 87.0634 54.0106 
60.2681 68.4944 12.4836 6.4426 121734 83927.6 0.273021 0.404139 6.36492 5099.04 6697.4 26.3536 43.4614 87.0634 145.858 
72.955 68.4944 12.1412 9.92238 106691 83927.6 0.528892 0.404139 3.09313 5812.96 7469.18 40.0073 28.346 86.1403 54.0106 
26.1953 41.7012 6.79631 12.7741 98111.9 70552.3 0.595088 0.427347 4.55432 3017.03 5695.66 43.2351 57.9767 78.8275 146.989 
26.1953 41.3106 6.28756 12.7741 141530 57621.9 0.510841 0.35845 7.36124 6088.74 3002.93 32.4096 67.7827 114.326 117.071 
26.1953 41.7012 6.79631 13.3852 141530 96936.1 0.595088 0.733338 5.7295 3017.03 4137.29 70.7678 32.889 83.1124 83.7736 
26.1953 67.4546 9.47916 12.7741 141530 110797 0.418373 0.598878 2.81428 3017.03 6826.27 47.9237 28.3247 101.423 83.7736 
69.3018 61.2151 7.43896 6.94288 141530 140792 0.381598 0.535976 4.55432 5206.19 3571.55 43.2351 63.4716 101.423 94.2442 
26.1953 66.621 7.91533 12.7741 77010.5 82229 0.595088 0.553425 2.60023 3017.03 3547.54 43.2351 46.1263 77.6003 83.7736 
26.1953 28.6026 13.09 12.094 141530 80625.9 0.498302 0.535976 6.36368 3017.03 6966.04 43.2351 63.4716 62.4526 148.829 
26.1953 41.7012 12.5795 12.7741 72498.9 138218 0.61462 0.610797 4.55432 5009.88 6826.27 43.2351 33.5613 60.6477 89.8604 
26.1953 56.4386 6.79631 5.67565 101774 142217 0.595088 0.535976 5.71882 4153.05 6826.27 37.8008 63.4716 142.018 86.2493 
26.1953 41.7012 13.4276 8.09784 141530 123843 0.595088 0.535976 4.73715 5632.51 6482.34 74.3612 49.2402 92.0192 83.7736 
26.1953 58.4725 6.79631 13.3225 56023.2 80625.9 0.595088 0.344722 4.58263 2973.73 6826.27 43.2351 64.8038 101.423 81.3065 
26.1953 46.4925 11.7013 12.6893 141530 80625.9 0.458817 0.570887 4.55432 3017.03 6826.27 41.6533 39.3502 57.3756 95.4495 
26.1953 41.7012 6.79631 12.7741 101138 123593 0.502052 0.273035 4.55432 3017.03 7389.63 26.9457 63.4716 101.423 83.7736 
26.1953 41.7012 6.74369 12.7741 141530 80625.9 0.595088 0.56424 6.5658 3017.03 6826.27 43.2351 63.4716 55.6996 83.7736 
72.7114 44.1397 6.79631 10.6263 141530 80625.9 0.6834 0.535976 4.55432 3017.03 6826.27 25.4979 63.4716 66.4895 83.7736 
26.1953 39.0721 9.77162 12.7741 107236 80625.9 0.595088 0.535976 4.55432 3017.03 6826.27 43.2351 63.4716 101.423 83.7736 
26.3863 41.7012 12.0935 10.4151 141530 80625.9 0.563829 0.535976 4.55432 5285.35 6826.27 41.9684 45.6911 101.423 83.7736 
26.1953 32.3006 6.79631 12.7741 141530 80625.9 0.71272 0.535976 4.55432 2634.13 6861.27 43.2351 63.4716 101.423 118.752 
26.1953 40.694 6.79631 12.7741 103241 80625.9 0.595088 0.535976 4.55432 5224.91 6826.27 33.2235 63.4716 127.633 83.7736 
60.2681 41.7012 8.67645 6.4426 141530 114318 0.595088 0.345149 4.55432 3017.03 6697.4 43.2351 61.9921 90.5574 83.7736 
72.955 72.8405 6.79631 9.92238 106691 98208.7 0.595088 0.535976 3.09313 5108.94 6826.27 43.2351 63.4716 86.1403 83.7736 
63.8726 41.3106 6.28756 6.09249 98111.9 57621.9 0.510841 0.35845 6.50781 6088.74 5695.66 50.0504 67.7827 114.326 117.071 
71.6621 70.6902 9.13491 6.09249 98111.9 70552.3 0.398619 0.733338 6.50781 4376.43 5695.66 50.0504 57.9767 83.1124 146.989 
33.8755 67.4546 9.47916 9.37684 53075.7 70552.3 0.418373 0.598878 2.81428 5513.29 5695.66 50.0504 28.3247 78.8275 121.018 
69.3018 70.6902 7.43896 6.94288 98111.9 140792 0.381598 0.427347 5.47899 5206.19 3571.55 46.8938 57.9767 78.8275 94.2442 
67.2654 70.6902 7.99659 7.93225 98111.9 70552.3 0.728146 0.427347 2.60023 7320.26 3547.54 50.0504 46.1263 77.6003 146.989 
34.615 28.6026 13.09 6.09249 98111.9 70552.3 0.728146 0.499348 6.50781 6953.3 6966.04 50.0504 57.9767 78.8275 146.989 
28.9984 50.7795 12.5795 6.09249 98111.9 70552.3 0.728146 0.427347 6.50781 4376.43 5695.66 38.7039 57.9767 78.8275 89.8604 
40.4809 56.4386 7.99659 6.09249 98111.9 70552.3 0.728146 0.427347 6.50781 4153.05 5695.66 50.0504 55.2344 78.8275 146.989 
33.8755 70.6902 13.4276 8.09784 117927 70552.3 0.541936 0.427347 4.73715 4376.43 5695.66 50.0504 57.9767 92.0192 103.603 
32.6945 70.6902 13.4167 6.09249 56023.2 133716 0.728146 0.427347 6.50781 2973.73 6330.44 50.0504 64.8038 82.9955 81.3065 
33.8755 46.4925 11.7013 6.09249 98111.9 89077.4 0.728146 0.427347 4.48582 4376.43 5695.66 41.6533 57.9767 78.8275 95.4495 
25.5267 70.6902 7.99659 14.1005 98111.9 123593 0.728146 0.273035 7.40346 4376.43 5695.66 26.9457 57.9767 78.8275 146.989 
48.4152 70.6902 6.74369 11.4063 98111.9 70552.3 0.728146 0.56424 6.50781 4376.43 5695.66 27.3742 49.9157 78.8275 132.267 
72.7114 70.6902 7.99659 10.6263 88140 70552.3 0.6834 0.427347 2.97338 4376.43 5695.66 50.0504 65.7354 66.4895 146.989 
33.8755 70.6902 9.77162 8.27124 98111.9 70552.3 0.298121 0.671634 5.39863 4376.43 7136.69 69.9739 43.9595 55.8893 146.989 
26.3863 70.6902 12.0935 10.4151 98111.9 85724.4 0.728146 0.526428 3.00693 5285.35 3873.46 50.0504 45.6911 139.6 146.989 
33.8755 32.3006 7.99659 10.682 118752 146396 0.728146 0.427347 6.50781 4376.43 6861.27 64.5756 57.9767 78.8275 146.989 
66.2014 70.6902 5.58866 6.09249 98111.9 141671 0.728146 0.427347 6.50781 4376.43 5405.64 50.0504 60.5496 127.633 148.928 
60.2681 70.6902 8.67645 6.09249 126271 70552.3 0.356379 0.427347 3.55193 4376.43 5695.66 50.0504 61.9921 78.8275 145.858 
33.8755 72.8405 12.1412 6.09249 98111.9 70552.3 0.528892 0.296858 6.50781 4376.43 5726.63 50.0504 57.9767 86.1403 146.989 
63.8726 57.7552 9.13491 14.1474 64819.2 57621.9 0.510841 0.733338 5.7295 6088.74 4137.29 70.7678 32.889 114.326 117.071 
55.4117 67.4546 9.47916 9.37684 53075.7 110797 0.418373 0.35845 2.81428 6088.74 3002.93 32.4096 28.3247 121.524 117.071 
63.8726 41.3106 6.28756 14.1474 131366 140792 0.510841 0.35845 5.47899 6088.74 3571.55 32.4096 61.5987 114.326 94.2442 
63.8726 41.3106 6.28756 7.93225 131366 82229 0.700597 0.553425 7.36124 7320.26 3002.93 66.8404 46.1263 77.6003 105.204 
63.8726 41.3106 13.09 14.1474 131366 134027 0.510841 0.499348 7.36124 6953.3 6966.04 58.4626 67.7827 62.4526 117.071 
28.9984 41.3106 6.28756 14.1474 72498.9 57621.9 0.510841 0.35845 7.36124 6088.74 5561.26 32.4096 67.7827 60.6477 117.071 
40.4809 56.4386 6.28756 14.1474 131366 142217 0.510841 0.35845 7.36124 6088.74 6244.78 32.4096 67.7827 114.326 117.071 
63.8726 28.9852 6.28756 8.09784 117927 123843 0.510841 0.523614 7.36124 5632.51 3002.93 32.4096 67.7827 114.326 103.603 
63.8726 58.4725 13.4167 13.3225 131366 133716 0.510841 0.344722 4.58263 2973.73 6330.44 56.1197 67.7827 114.326 81.3065 
63.8726 46.4925 11.7013 14.1474 119454 57621.9 0.510841 0.570887 7.36124 6567.28 5092.63 32.4096 39.3502 57.3756 95.4495 
25.5267 41.3106 14.088 14.1474 131366 123593 0.502052 0.35845 7.36124 6199.67 3002.93 32.4096 67.7827 114.326 88.4138 
63.8726 62.825 6.28756 11.4063 131366 148000 0.510841 0.56424 6.5658 6088.74 3002.93 27.3742 49.9157 114.326 117.071 
72.7114 44.1397 9.19178 14.1474 88140 72464.6 0.6834 0.412631 7.36124 6088.74 3002.93 32.4096 65.7354 66.4895 50.9408 
63.8726 39.0721 6.28756 14.1474 107236 108555 0.510841 0.671634 7.36124 6088.74 3002.93 32.4096 43.9595 55.8893 117.071 
63.8726 41.3106 6.28756 10.4151 91074.8 85724.4 0.563829 0.35845 7.36124 6088.74 3873.46 41.9684 45.6911 114.326 117.071 
63.8726 41.3106 6.28756 10.682 118752 146396 0.510841 0.35845 7.36124 6088.74 3002.93 64.5756 43.3097 78.6076 118.752 
63.8726 41.3106 6.28756 14.1474 131366 141671 0.684286 0.69923 2.62401 6088.74 5405.64 32.4096 67.7827 127.633 148.928 
63.8726 60.9985 8.67645 14.1474 126271 114318 0.510841 0.345149 3.55193 5099.04 3002.93 32.4096 67.7827 90.5574 145.858 
72.955 72.8405 6.28756 9.92238 131366 57621.9 0.510841 0.35845 7.36124 5108.94 3002.93 32.4096 67.7827 86.1403 69.266 
71.6621 57.7552 9.13491 13.3852 53075.7 96936.1 0.418373 0.598878 5.7295 5513.29 6583.81 47.9237 28.3247 83.1124 92.5921 
71.6621 57.7552 9.13491 6.94288 64819.2 96936.1 0.381598 0.502471 5.47899 5206.19 3571.55 46.8938 61.5987 83.1124 92.5921 
67.2654 66.621 7.91533 7.93225 64819.2 82229 0.398619 0.553425 2.60023 6655.38 4137.29 66.8404 32.889 77.6003 105.204 
71.6621 57.7552 9.13491 13.3852 62422.9 96936.1 0.498302 0.499348 6.36368 6655.38 4137.29 58.4626 49.7112 83.1124 92.5921 
71.6621 57.7552 12.5795 13.3852 64819.2 96936.1 0.398619 0.733338 4.40435 5009.88 5561.26 70.7678 33.5613 60.6477 92.5921 
40.4809 56.4386 9.13491 5.67565 64819.2 96936.1 0.72487 0.373491 5.71882 4153.05 4137.29 37.8008 55.2344 83.1124 86.2493 
25.1646 28.9852 9.13491 8.09784 117927 96936.1 0.398619 0.733338 5.7295 5632.51 6482.34 74.3612 32.889 83.1124 92.5921 
32.6945 58.4725 9.13491 13.3225 56023.2 133716 0.398619 0.344722 4.58263 2973.73 4137.29 56.1197 64.8038 82.9955 92.5921 
70.8798 46.4925 11.7013 12.6893 64819.2 89077.4 0.458817 0.733338 4.48582 6655.38 4137.29 41.6533 32.889 57.3756 92.5921 
25.5267 57.7552 9.13491 14.1005 64819.2 123593 0.502052 0.733338 5.7295 6655.38 7389.63 26.9457 32.889 83.1124 92.5921 
71.6621 62.825 9.13491 13.3852 64819.2 96936.1 0.398619 0.733338 6.5658 4127.87 4137.29 70.7678 49.9157 83.1124 92.5921 
72.7114 44.1397 9.13491 10.6263 88140 96936.1 0.6834 0.733338 2.97338 4354.25 3802.26 70.7678 32.889 66.4895 50.9408 
59.6333 39.0721 9.77162 8.27124 64819.2 96936.1 0.398619 0.733338 5.7295 6655.38 4137.29 69.9739 43.9595 55.8893 92.5921 
26.3863 67.7095 9.13491 10.4151 91074.8 85724.4 0.398619 0.733338 5.7295 5285.35 4137.29 41.9684 32.889 139.6 145.654 
67.9425 57.7552 10.5322 10.682 64819.2 146396 0.71272 0.733338 5.0841 2634.13 6861.27 70.7678 32.889 83.1124 118.752 
66.2014 40.694 5.58866 5.12427 103241 96936.1 0.684286 0.733338 5.7295 5224.91 5405.64 70.7678 60.5496 83.1124 148.928 
60.2681 57.7552 9.13491 13.3852 126271 114318 0.356379 0.733338 3.55193 5099.04 4137.29 26.3536 32.889 90.5574 92.5921 
72.955 57.7552 12.1412 9.92238 106691 98208.7 0.528892 0.733338 3.09313 5108.94 4137.29 40.0073 32.889 86.1403 92.5921 
69.3018 61.2151 9.47916 6.94288 53075.7 140792 0.381598 0.502471 5.47899 5206.19 3571.55 46.8938 28.3247 121.524 94.2442 
55.4117 67.4546 9.47916 7.93225 53075.7 82229 0.700597 0.598878 2.81428 5513.29 6583.81 66.8404 46.1263 121.524 121.018 
34.615 67.4546 9.47916 12.094 53075.7 110797 0.498302 0.499348 6.36368 5513.29 6583.81 58.4626 28.3247 62.4526 148.829 
28.9984 67.4546 9.47916 9.37684 72498.9 110797 0.418373 0.610797 4.40435 5009.88 6583.81 47.9237 33.5613 60.6477 121.018 
55.4117 56.4386 11.9718 9.37684 53075.7 142217 0.418373 0.373491 2.81428 5513.29 6583.81 37.8008 55.2344 121.524 121.018 
55.4117 67.4546 9.47916 8.09784 117927 110797 0.541936 0.523614 2.81428 5513.29 6482.34 47.9237 49.2402 121.524 121.018 
32.6945 67.4546 13.4167 13.3225 53075.7 110797 0.418373 0.344722 4.58263 2973.73 6330.44 47.9237 64.8038 121.524 81.3065 
70.8798 46.4925 9.47916 9.37684 53075.7 89077.4 0.458817 0.598878 4.48582 5513.29 5092.63 47.9237 28.3247 121.524 95.4495 
25.5267 67.4546 14.088 9.37684 101138 110797 0.418373 0.598878 7.40346 5513.29 7389.63 26.9457 28.3247 74.2849 121.018 
55.4117 62.825 6.74369 9.37684 53075.7 110797 0.418373 0.56424 2.81428 5513.29 4938.74 27.3742 28.3247 121.524 132.267 
55.4117 44.1397 9.47916 10.6263 53075.7 72464.6 0.418373 0.598878 2.97338 5513.29 6583.81 25.4979 65.7354 66.4895 121.018 
59.6333 67.4546 9.47916 8.27124 107236 110797 0.298121 0.671634 5.39863 4969.21 7136.69 69.9739 43.9595 121.524 121.018 
26.3863 67.4546 9.47916 10.4151 53075.7 110797 0.563829 0.598878 2.81428 5513.29 3873.46 41.9684 28.3247 121.524 145.654 
67.9425 67.4546 10.5322 10.682 118752 110797 0.71272 0.407591 2.81428 2634.13 6583.81 47.9237 43.3097 121.524 121.018 
66.2014 40.694 5.58866 5.12427 103241 110797 0.684286 0.598878 2.62401 5513.29 5405.64 47.9237 28.3247 127.633 148.928 
60.2681 60.9985 8.67645 6.4426 126271 114318 0.356379 0.345149 2.81428 5513.29 6697.4 26.3536 28.3247 121.524 145.858 
72.955 67.4546 12.1412 9.92238 53075.7 110797 0.528892 0.598878 2.81428 5513.29 6583.81 40.0073 28.346 86.1403 69.266 
67.2654 66.621 7.91533 6.94288 77010.5 140792 0.381598 0.502471 5.47899 7320.26 3547.54 66.8404 61.5987 72.4187 94.2442 
69.3018 61.2151 13.09 12.094 96489.3 134027 0.381598 0.499348 5.47899 6953.3 3571.55 58.4626 61.5987 62.4526 148.829 
28.9984 50.7795 12.5795 13.8897 72498.9 140792 0.381598 0.502471 4.40435 5206.19 5561.26 46.8938 61.5987 60.6477 94.2442 
69.3018 61.2151 11.9718 6.94288 101774 142217 0.72487 0.373491 5.47899 5206.19 6244.78 46.8938 55.2344 72.4187 94.2442 
69.3018 61.2151 7.43896 6.94288 117927 123843 0.381598 0.502471 4.73715 5632.51 3571.55 46.8938 61.5987 92.0192 94.2442 
32.6945 58.4725 7.43896 6.94288 96489.3 140792 0.381598 0.344722 5.47899 2973.73 6330.44 46.8938 61.5987 82.9955 94.2442 
70.8798 46.4925 7.43896 12.6893 96489.3 140792 0.458817 0.570887 5.47899 5206.19 5092.63 41.6533 39.3502 57.3756 94.2442 
69.3018 61.2151 7.43896 14.1005 101138 140792 0.502052 0.502471 5.47899 5206.19 3571.55 46.8938 49.7145 72.4187 88.4138 
48.4152 61.2151 6.74369 6.94288 96489.3 148000 0.692895 0.56424 5.47899 5206.19 3571.55 46.8938 61.5987 55.6996 132.267 
72.7114 44.1397 7.43896 6.94288 96489.3 140792 0.381598 0.502471 2.97338 4354.25 3802.26 25.4979 65.7354 72.4187 94.2442 
69.3018 61.2151 7.43896 6.94288 107236 108555 0.381598 0.671634 5.47899 4969.21 3571.55 46.8938 43.9595 55.8893 94.2442 
26.3863 61.2151 7.43896 10.4151 96489.3 140792 0.381598 0.526428 3.00693 5285.35 3571.55 46.8938 45.6911 72.4187 145.654 
67.9425 32.3006 10.5322 6.94288 118752 146396 0.71272 0.407591 5.47899 5206.19 3571.55 64.5756 61.5987 78.6076 94.2442 
66.2014 61.2151 7.43896 5.12427 96489.3 140792 0.381598 0.69923 5.47899 5224.91 3571.55 46.8938 61.5987 127.633 94.2442 
69.3018 60.9985 8.67645 6.94288 96489.3 114318 0.356379 0.345149 5.47899 5206.19 6697.4 26.3536 61.9921 72.4187 94.2442 
72.955 72.8405 12.1412 6.94288 106691 140792 0.528892 0.296858 3.09313 5108.94 5726.63 40.0073 61.5987 72.4187 69.266 
67.2654 28.6026 7.91533 7.93225 77010.5 134027 0.700597 0.499348 2.60023 6953.3 6966.04 66.8404 49.7112 62.4526 105.204 
28.9984 66.621 7.91533 7.93225 72498.9 82229 0.700597 0.610797 2.60023 5009.88 5561.26 66.8404 46.1263 60.6477 89.8604 
67.2654 66.621 11.9718 7.93225 77010.5 142217 0.72487 0.553425 5.71882 7320.26 3547.54 66.8404 46.1263 77.6003 86.2493 
25.1646 28.9852 7.91533 8.09784 77010.5 123843 0.541936 0.553425 2.60023 5632.51 3547.54 66.8404 49.2402 77.6003 105.204 
32.6945 58.4725 7.91533 7.93225 56023.2 82229 0.700597 0.344722 4.58263 2973.73 3547.54 66.8404 64.8038 82.9955 105.204 
70.8798 66.621 7.91533 12.6893 77010.5 82229 0.458817 0.570887 4.48582 7320.26 5092.63 41.6533 46.1263 57.3756 105.204 
67.2654 43.3731 14.088 14.1005 77010.5 123593 0.502052 0.553425 7.40346 6199.67 7389.63 26.9457 49.7145 74.2849 88.4138 
67.2654 66.621 6.74369 7.93225 77010.5 148000 0.692895 0.56424 6.5658 4127.87 4938.74 27.3742 46.1263 77.6003 105.204 
67.2654 66.621 7.91533 7.93225 88140 82229 0.6834 0.412631 2.60023 7320.26 3802.26 66.8404 65.7354 66.4895 50.9408 
59.6333 39.0721 7.91533 7.93225 77010.5 82229 0.700597 0.553425 5.39863 7320.26 7136.69 69.9739 43.9595 77.6003 121.754 
67.2654 66.621 12.0935 7.93225 91074.8 85724.4 0.563829 0.553425 3.00693 5285.35 3547.54 66.8404 46.1263 77.6003 145.654 
67.9425 32.3006 10.5322 10.682 77010.5 82229 0.700597 0.407591 2.60023 7320.26 6861.27 64.5756 43.3097 78.6076 118.752 
67.2654 66.621 7.91533 7.93225 103241 141671 0.700597 0.553425 2.60023 5224.91 5405.64 33.2235 46.1263 127.633 148.928 
67.2654 60.9985 8.67645 7.93225 126271 82229 0.700597 0.345149 2.60023 7320.26 6697.4 26.3536 46.1263 90.5574 145.858 
67.2654 72.8405 12.1412 7.93225 106691 82229 0.700597 0.296858 2.60023 7320.26 5726.63 66.8404 28.346 77.6003 105.204 
28.9984 28.6026 12.5795 13.8897 62422.9 138218 0.498302 0.610797 6.36368 6953.3 6966.04 58.4626 33.5613 62.4526 148.829 
40.4809 28.6026 11.9718 5.67565 101774 134027 0.498302 0.499348 5.71882 4153.05 6966.04 58.4626 49.7112 62.4526 148.829 
34.615 28.6026 13.4276 12.094 117927 123843 0.541936 0.523614 4.73715 6953.3 6966.04 58.4626 49.7112 92.0192 148.829 
32.6945 58.4725 13.09 12.094 62422.9 134027 0.498302 0.344722 6.36368 6953.3 6330.44 58.4626 49.7112 62.4526 81.3065 
70.8798 28.6026 11.7013 12.094 62422.9 89077.4 0.498302 0.499348 4.48582 6953.3 6966.04 41.6533 49.7112 57.3756 95.4495 
25.5267 28.6026 14.088 14.1005 101138 123593 0.498302 0.499348 7.40346 6953.3 6966.04 26.9457 49.7145 74.2849 88.4138 
48.4152 62.825 13.09 11.4063 62422.9 148000 0.498302 0.56424 6.5658 4127.87 4938.74 27.3742 49.9157 62.4526 132.267 
72.7114 44.1397 9.19178 12.094 62422.9 72464.6 0.498302 0.412631 2.97338 4354.25 6966.04 25.4979 49.7112 66.4895 148.829 
59.6333 39.0721 9.77162 12.094 62422.9 108555 0.298121 0.671634 6.36368 6953.3 6966.04 58.4626 49.7112 62.4526 148.829 
26.3863 67.7095 12.0935 10.4151 91074.8 134027 0.498302 0.526428 3.00693 5285.35 3873.46 41.9684 45.6911 139.6 145.654 
67.9425 32.3006 10.5322 10.682 118752 146396 0.71272 0.499348 6.36368 2634.13 6861.27 64.5756 49.7112 78.6076 118.752 
66.2014 28.6026 13.09 12.094 62422.9 134027 0.684286 0.499348 2.62401 5224.91 6966.04 58.4626 60.5496 127.633 148.829 
60.2681 28.6026 13.09 12.094 62422.9 134027 0.356379 0.345149 3.55193 6953.3 6697.4 58.4626 61.9921 90.5574 148.829 
72.955 72.8405 13.09 9.92238 62422.9 98208.7 0.498302 0.296858 3.09313 5108.94 5726.63 40.0073 49.7112 86.1403 148.829 
28.9984 50.7795 12.5795 5.67565 72498.9 138218 0.61462 0.610797 4.40435 5009.88 5561.26 38.7039 55.2344 142.018 86.2493 
28.9984 50.7795 12.5795 13.8897 117927 138218 0.541936 0.610797 4.73715 5632.51 5561.26 74.3612 33.5613 92.0192 103.603 
32.6945 50.7795 12.5795 13.8897 56023.2 133716 0.344943 0.610797 4.40435 2973.73 5561.26 38.7039 64.8038 60.6477 81.3065 
70.8798 46.4925 11.7013 13.8897 72498.9 89077.4 0.61462 0.570887 4.48582 5009.88 5561.26 38.7039 33.5613 57.3756 95.4495 
25.5267 43.3731 12.5795 13.8897 101138 138218 0.502052 0.610797 4.40435 6199.67 5561.26 26.9457 33.5613 74.2849 89.8604 
28.9984 62.825 12.5795 13.8897 63466.1 148000 0.692895 0.56424 4.40435 4127.87 4938.74 27.3742 49.9157 60.6477 89.8604 
72.7114 50.7795 12.5795 10.6263 72498.9 72464.6 0.6834 0.610797 4.40435 5009.88 3802.26 38.7039 65.7354 66.4895 89.8604 
28.9984 50.7795 9.77162 13.8897 72498.9 138218 0.298121 0.671634 4.40435 5009.88 5561.26 38.7039 33.5613 60.6477 89.8604 
26.3863 67.7095 12.0935 10.4151 91074.8 85724.4 0.563829 0.610797 3.00693 5285.35 5561.26 41.9684 45.6911 60.6477 145.654 
28.9984 32.3006 10.5322 10.682 118752 146396 0.61462 0.407591 5.0841 2634.13 5561.26 38.7039 43.3097 60.6477 89.8604 
28.9984 50.7795 12.5795 5.12427 103241 141671 0.684286 0.610797 2.62401 5009.88 5561.26 38.7039 33.5613 60.6477 148.928 
60.2681 50.7795 12.5795 6.4426 72498.9 138218 0.61462 0.610797 4.40435 5009.88 6697.4 38.7039 33.5613 90.5574 145.858 
28.9984 72.8405 12.1412 13.8897 106691 138218 0.61462 0.610797 3.09313 5009.88 5726.63 40.0073 28.346 86.1403 69.266 
40.4809 28.9852 13.4276 8.09784 101774 142217 0.72487 0.373491 5.71882 5632.51 6244.78 74.3612 55.2344 92.0192 86.2493 
40.4809 56.4386 11.9718 5.67565 56023.2 142217 0.344943 0.344722 4.58263 4153.05 6244.78 56.1197 55.2344 82.9955 81.3065 
40.4809 46.4925 11.9718 12.6893 101774 142217 0.458817 0.373491 5.71882 4153.05 6244.78 41.6533 39.3502 57.3756 86.2493 
40.4809 43.3731 11.9718 5.67565 101774 142217 0.502052 0.273035 5.71882 4153.05 6244.78 26.9457 55.2344 142.018 86.2493 
48.4152 56.4386 6.74369 11.4063 101774 142217 0.72487 0.373491 6.5658 4127.87 6244.78 27.3742 55.2344 142.018 132.267 
40.4809 56.4386 11.9718 10.6263 88140 72464.6 0.72487 0.412631 5.71882 4354.25 3802.26 25.4979 55.2344 142.018 86.2493 
40.4809 39.0721 9.77162 5.67565 107236 108555 0.72487 0.671634 5.39863 4153.05 6244.78 69.9739 55.2344 142.018 86.2493 
26.3863 67.7095 12.0935 5.67565 91074.8 142217 0.563829 0.526428 5.71882 4153.05 6244.78 37.8008 45.6911 142.018 86.2493 
67.9425 56.4386 10.5322 5.67565 118752 142217 0.72487 0.407591 5.71882 4153.05 6244.78 64.5756 43.3097 142.018 86.2493 
40.4809 40.694 5.58866 5.12427 103241 142217 0.72487 0.373491 5.71882 4153.05 6244.78 37.8008 55.2344 142.018 86.2493 
40.4809 60.9985 8.67645 6.4426 101774 114318 0.72487 0.345149 3.55193 5099.04 6697.4 26.3536 55.2344 142.018 145.858 
72.955 56.4386 11.9718 5.67565 101774 142217 0.528892 0.373491 5.71882 5108.94 6244.78 40.0073 55.2344 142.018 69.266 
32.6945 28.9852 13.4276 8.09784 117927 123843 0.344943 0.523614 4.73715 2973.73 6482.34 74.3612 64.8038 92.0192 103.603 
70.8798 46.4925 13.4276 8.09784 117927 89077.4 0.541936 0.523614 4.73715 6567.28 6482.34 74.3612 39.3502 92.0192 95.4495 
25.1646 28.9852 14.088 8.09784 101138 123843 0.541936 0.523614 4.73715 6199.67 6482.34 26.9457 49.7145 74.2849 88.4138 
48.4152 28.9852 6.74369 8.09784 63466.1 123843 0.541936 0.56424 6.5658 5632.51 4938.74 27.3742 49.2402 55.6996 132.267 
72.7114 44.1397 13.4276 10.6263 117927 72464.6 0.6834 0.412631 2.97338 5632.51 6482.34 74.3612 49.2402 92.0192 50.9408 
59.6333 28.9852 13.4276 8.27124 107236 108555 0.298121 0.671634 5.39863 5632.51 7136.69 74.3612 43.9595 55.8893 121.754 
26.3863 67.7095 12.0935 10.4151 117927 123843 0.563829 0.523614 4.73715 5285.35 3873.46 41.9684 45.6911 139.6 145.654 
25.1646 32.3006 13.4276 10.682 117927 146396 0.541936 0.407591 4.73715 5632.51 6861.27 64.5756 49.2402 92.0192 118.752 
25.1646 28.9852 13.4276 8.09784 103241 141671 0.684286 0.523614 4.73715 5224.91 5405.64 74.3612 60.5496 92.0192 148.928 
60.2681 60.9985 13.4276 6.4426 126271 114318 0.541936 0.523614 4.73715 5099.04 6482.34 74.3612 61.9921 90.5574 145.858 
25.1646 28.9852 12.1412 9.92238 117927 98208.7 0.528892 0.296858 3.09313 5108.94 5726.63 40.0073 28.346 92.0192 103.603 
32.6945 58.4725 13.4167 13.3225 119454 89077.4 0.458817 0.570887 4.48582 2973.73 5092.63 41.6533 39.3502 57.3756 95.4495 
25.5267 58.4725 14.088 14.1005 101138 133716 0.344943 0.273035 4.58263 6199.67 7389.63 26.9457 64.8038 82.9955 81.3065 
48.4152 62.825 6.74369 13.3225 63466.1 148000 0.692895 0.344722 4.58263 4127.87 4938.74 27.3742 64.8038 55.6996 81.3065 
32.6945 44.1397 9.19178 13.3225 88140 133716 0.6834 0.412631 2.97338 4354.25 3802.26 25.4979 64.8038 82.9955 81.3065 
59.6333 58.4725 13.4167 8.27124 56023.2 108555 0.344943 0.344722 4.58263 2973.73 6330.44 56.1197 43.9595 82.9955 121.754 
26.3863 67.7095 12.0935 10.4151 91074.8 133716 0.563829 0.344722 4.58263 5285.35 6330.44 41.9684 64.8038 139.6 81.3065 
67.9425 32.3006 13.4167 10.682 56023.2 146396 0.344943 0.344722 5.0841 2634.13 6861.27 64.5756 43.3097 82.9955 81.3065 
66.2014 58.4725 5.58866 13.3225 103241 141671 0.684286 0.69923 4.58263 5224.91 6330.44 56.1197 60.5496 127.633 81.3065 
32.6945 58.4725 13.4167 13.3225 126271 133716 0.356379 0.344722 3.55193 5099.04 6330.44 56.1197 61.9921 90.5574 145.858 
72.955 72.8405 12.1412 9.92238 56023.2 98208.7 0.344943 0.296858 4.58263 2973.73 5726.63 40.0073 28.346 86.1403 81.3065 
70.8798 43.3731 14.088 12.6893 101138 89077.4 0.502052 0.273035 7.40346 6567.28 5092.63 41.6533 39.3502 74.2849 95.4495 
70.8798 62.825 6.74369 11.4063 63466.1 148000 0.692895 0.56424 4.48582 6567.28 4938.74 27.3742 39.3502 57.3756 95.4495 
72.7114 46.4925 11.7013 10.6263 88140 72464.6 0.6834 0.570887 4.48582 6567.28 3802.26 41.6533 65.7354 66.4895 95.4495 
59.6333 46.4925 9.77162 12.6893 119454 89077.4 0.458817 0.671634 4.48582 6567.28 5092.63 41.6533 39.3502 57.3756 121.754 
70.8798 46.4925 11.7013 12.6893 91074.8 85724.4 0.563829 0.570887 3.00693 6567.28 3873.46 41.9684 45.6911 139.6 145.654 
67.9425 32.3006 11.7013 10.682 119454 89077.4 0.71272 0.570887 4.48582 6567.28 5092.63 41.6533 39.3502 78.6076 118.752 
66.2014 40.694 5.58866 5.12427 119454 89077.4 0.458817 0.570887 2.62401 6567.28 5092.63 41.6533 39.3502 57.3756 95.4495 
60.2681 46.4925 8.67645 12.6893 126271 114318 0.458817 0.345149 3.55193 6567.28 6697.4 41.6533 61.9921 90.5574 145.858 
70.8798 72.8405 12.1412 9.92238 106691 98208.7 0.458817 0.570887 3.09313 5108.94 5092.63 41.6533 39.3502 86.1403 69.266 
25.5267 62.825 14.088 11.4063 63466.1 148000 0.692895 0.273035 6.5658 4127.87 4938.74 26.9457 49.9157 74.2849 132.267 
72.7114 43.3731 14.088 14.1005 101138 72464.6 0.502052 0.273035 2.97338 6199.67 3802.26 25.4979 65.7354 74.2849 50.9408 
59.6333 39.0721 9.77162 8.27124 101138 123593 0.298121 0.671634 7.40346 6199.67 7389.63 26.9457 43.9595 74.2849 121.754 
25.5267 67.7095 12.0935 10.4151 101138 123593 0.502052 0.526428 7.40346 5285.35 3873.46 26.9457 45.6911 74.2849 88.4138 
25.5267 43.3731 10.5322 14.1005 101138 123593 0.502052 0.273035 7.40346 2634.13 6861.27 26.9457 49.7145 74.2849 118.752 
66.2014 40.694 5.58866 5.12427 101138 141671 0.684286 0.69923 2.62401 6199.67 7389.63 26.9457 49.7145 74.2849 148.928 
60.2681 60.9985 14.088 6.4426 126271 114318 0.356379 0.273035 3.55193 5099.04 7389.63 26.9457 49.7145 74.2849 145.858 
72.955 72.8405 14.088 9.92238 106691 123593 0.528892 0.296858 3.09313 6199.67 5726.63 26.9457 28.346 74.2849 69.266 
48.4152 44.1397 9.19178 10.6263 88140 148000 0.6834 0.56424 6.5658 4354.25 3802.26 27.3742 49.9157 55.6996 132.267 
59.6333 62.825 6.74369 11.4063 63466.1 108555 0.298121 0.56424 5.39863 4127.87 7136.69 27.3742 43.9595 55.6996 132.267 
26.3863 67.7095 6.74369 11.4063 63466.1 85724.4 0.563829 0.56424 6.5658 5285.35 4938.74 27.3742 45.6911 55.6996 132.267 
48.4152 62.825 10.5322 11.4063 118752 148000 0.71272 0.56424 6.5658 4127.87 6861.27 64.5756 43.3097 78.6076 132.267 
48.4152 62.825 6.74369 11.4063 63466.1 148000 0.692895 0.56424 2.62401 4127.87 5405.64 27.3742 49.9157 127.633 148.928 
60.2681 60.9985 8.67645 6.4426 63466.1 114318 0.356379 0.345149 3.55193 5099.04 4938.74 26.3536 61.9921 55.6996 132.267 
72.955 62.825 6.74369 9.92238 63466.1 98208.7 0.692895 0.56424 3.09313 4127.87 5726.63 40.0073 49.9157 55.6996 69.266 
72.7114 39.0721 9.19178 10.6263 88140 108555 0.6834 0.671634 2.97338 4969.21 7136.69 69.9739 43.9595 55.8893 50.9408 
72.7114 44.1397 12.0935 10.4151 91074.8 85724.4 0.563829 0.412631 2.97338 4354.25 3802.26 41.9684 65.7354 66.4895 145.654 
67.9425 44.1397 9.19178 10.682 118752 146396 0.6834 0.407591 2.97338 4354.25 6861.27 64.5756 65.7354 66.4895 118.752 
66.2014 40.694 9.19178 10.6263 88140 72464.6 0.684286 0.69923 2.97338 5224.91 3802.26 33.2235 60.5496 127.633 50.9408 
72.7114 44.1397 8.67645 6.4426 126271 72464.6 0.356379 0.412631 2.97338 4354.25 6697.4 26.3536 65.7354 66.4895 50.9408 
72.955 72.8405 12.1412 9.92238 106691 72464.6 0.528892 0.296858 2.97338 4354.25 5726.63 25.4979 65.7354 66.4895 69.266 
59.6333 39.0721 12.0935 10.4151 107236 108555 0.298121 0.526428 5.39863 4969.21 7136.69 41.9684 43.9595 55.8893 145.654 
59.6333 39.0721 9.77162 8.27124 107236 146396 0.298121 0.671634 5.0841 4969.21 6861.27 69.9739 43.9595 78.6076 118.752 
59.6333 40.694 5.58866 5.12427 103241 141671 0.298121 0.69923 2.62401 4969.21 5405.64 69.9739 60.5496 55.8893 121.754 
60.2681 60.9985 8.67645 8.27124 126271 108555 0.356379 0.345149 3.55193 5099.04 7136.69 69.9739 43.9595 55.8893 121.754 
72.955 72.8405 9.77162 9.92238 107236 98208.7 0.528892 0.296858 3.09313 5108.94 7136.69 40.0073 28.346 86.1403 121.754 
67.9425 32.3006 10.5322 10.682 118752 146396 0.71272 0.526428 5.0841 5285.35 6861.27 64.5756 45.6911 139.6 118.752 
26.3863 67.7095 12.0935 10.4151 91074.8 141671 0.563829 0.69923 2.62401 5224.91 3873.46 41.9684 45.6911 127.633 145.654 
26.3863 67.7095 12.0935 6.4426 91074.8 114318 0.356379 0.345149 3.55193 5285.35 3873.46 41.9684 61.9921 139.6 145.858 
72.955 72.8405 12.1412 9.92238 106691 98208.7 0.528892 0.526428 3.09313 5285.35 5726.63 40.0073 28.346 139.6 69.266 
66.2014 40.694 5.58866 5.12427 103241 146396 0.684286 0.407591 5.0841 5224.91 5405.64 64.5756 60.5496 127.633 118.752 
67.9425 60.9985 8.67645 10.682 118752 114318 0.356379 0.407591 3.55193 2634.13 6861.27 64.5756 43.3097 78.6076 145.858 
67.9425 32.3006 10.5322 9.92238 106691 146396 0.528892 0.296858 5.0841 5108.94 6861.27 64.5756 28.346 86.1403 69.266 
66.2014 40.694 8.67645 6.4426 126271 114318 0.356379 0.345149 2.62401 5099.04 5405.64 26.3536 60.5496 127.633 145.858 
66.2014 40.694 12.1412 9.92238 103241 141671 0.684286 0.296858 2.62401 5224.91 5405.64 40.0073 28.346 127.633 69.266 
60.2681 72.8405 8.67645 6.4426 126271 114318 0.356379 0.345149 3.55193 5108.94 5726.63 26.3536 61.9921 86.1403 145.858 